1.2834; 1.57455
1.26919; 1.32653
1.15036; 1.43756
1.20786; 1.38005
1.32552; 1.44035
1.56697; 1.5084
1.27561; 1.21734
0.98377; 1.33068
1.14921; 1.49353
1.09948; 1.44629
1.27561; 1.44912
1.16439; 1.62959
1.09176; 1.95281
0.976864; 1.32134
1.04798; 1.39695
1.56222; 1.33038
1.34308; 1.34271
1.16085; 1.45065
1.09948; 1.50412
1.16203; 1.16179
1.27303; 1.27272
1.28209; 1.57295
0.919412; 1.09162
0.98377; 1.56199
1.21764; 1.85467
1.56539; 1.50687
1.33492; 1.39256
0.979812; 1.44053
1.21396; 1.44477
1.1585; 1.56348
1.39718; 1.33859
1.26791; 1.49797
1.09948; 1.61976
0.86369; 1.5542
1.20786; 1.66741
1.51819; 1.45931
1.22259; 1.16412
1.15617; 1.56033
1.09396; 1.66915
1.21396; 1.32923
1.45095; 1.56647
1.39576; 1.45346
1.21887; 1.39262
0.982777; 1.27156
1.10171; 1.39127
1.33899; 1.74581
1.09948; 1.44629
1.20786; 1.43753
1.03328; 1.66417
1.62662; 1.50988
1.21887; 1.2186
1.10282; 1.45068
1.15967; 1.44919
1.09616; 1.21129
1.33492; 1.27655
1.27046; 1.44329
1.45242; 1.56806
1.22135; 1.33732
1.26283; 1.72138
1.16557; 1.7477
1.33222; 1.79485
1.38872; 1.33048
1.26536; 1.38002
1.03224; 1.4333
1.33763; 1.62783
1.51202; 1.39528
1.04479; 1.3927
0.982777; 1.32934
1.21641; 1.33192
1.39435; 1.33588
1.33763; 1.62783
1.21029; 1.49801
1.26791; 1.44038
1.15152; 1.55406
1.21396; 1.73357
1.39718; 1.74576
1.16203; 1.27793
0.805309; 1.32273
1.09286; 1.43758
1.16085; 1.50865
1.50439; 1.73511
1.39294; 1.39252
1.03224; 1.31868
1.15384; 1.49954
1.15733; 1.3306
1.27819; 1.27787
1.22508; 1.458
0.977845; 1.55259
1.09506; 1.38288
1.32286; 1.37999
1.32953; 1.38694
1.28209; 1.63118
0.806929; 1.67097
1.32819; 1.15469
1.33492; 1.50855
1.39576; 1.39535
1.20908; 1.38143
0.861957; 1.43624
1.22011; 1.51015
1.43353; 1.77682
1.39718; 1.6876
1.09948; 1.33063
1.10059; 1.21619
0.98377; 1.44634
1.09616; 1.55722
1.40145; 1.45938
1.26536; 1.26506
1.21151; 1.21124
1.03535; 1.49509
1.33357; 1.62289
1.34035; 1.45645
1.16085; 1.33464
1.04373; 1.33335
1.10059; 1.50563
1.4539; 1.3372
1.27819; 1.394
1.09067; 1.60678
1.27175; 1.3292
1.10282; 1.50868
1.16321; 1.51171
1.10171; 1.62303
0.811829; 1.44934
1.15152; 1.55406
1.04268; 1.27411
1.50591; 1.21599
1.33492; 1.62454
1.09726; 1.44338
1.26791; 1.49797
1.49834; 1.49783
1.39576; 1.56969
1.05118; 1.51793
1.21887; 1.62461
1.14921; 1.72318
1.03535; 1.61004
1.45095; 1.45049
1.16321; 1.56983
1.28733; 1.46243
0.806929; 1.90129
1.33087; 1.73524
1.43929; 1.32377
1.38732; 1.2136
1.09616; 1.32661
1.03431; 1.55101
1.16557; 1.57302
1.21764; 1.56503
1.34035; 1.28174
1.04904; 1.28188
1.26409; 1.32121
1.15384; 1.61484
1.56222; 1.61945
1.44364; 1.67397
1.22135; 1.2792
1.20544; 1.37728
1.16557; 1.45655
1.21029; 1.44042
1.33492; 1.68252
1.32552; 1.26757
0.986759; 1.50874
1.48935; 1.66055
1.26283; 1.54933
1.16439; 1.45507
0.98377; 1.215
1.27432; 1.33189
1.55126; 1.32105
1.44948; 1.44902
1.1107; 1.3442
1.16321; 1.80225
0.806118; 1.84186
1.32419; 1.38137
1.38592; 1.44322
1.50896; 1.27646
1.04479; 1.45071
1.21151; 1.55716
1.1585; 1.27406
1.34035; 1.28174
1.5151; 1.39811
1.27303; 1.27272
1.09396; 1.43903
1.15268; 1.61321
1.27949; 1.62787
1.34171; 1.74936
0.979812; 1.55571
1.15384; 1.55719
1.09837; 1.5026
1.22383; 1.51475
0.930611; 1.27932
0.978827; 1.55415
1.37759; 1.54926
1.50287; 1.4446
1.51202; 1.5115
1.10282; 1.62468
1.16085; 1.39265
1.03744; 1.3253
1.09837; 1.56036
1.56856; 1.33577
0.985761; 1.56515
1.21518; 1.3884
1.03639; 1.55412
1.32419; 1.43891
1.49834; 1.44024
1.33087; 1.44617
1.33087; 1.50399
1.03848; 1.4996
1.21396; 1.50254
1.45389; 1.51154
1.32819; 1.67405
1.49683; 1.84142
1.27046; 1.73178
1.33627; 1.68423
1.38732; 1.79119
1.155; 1.61646
1.15733; 1.38843
1.21641; 1.21614
1.22508; 1.39971
1.22011; 1.85842
0.986759; 1.68273
1.04163; 1.6776
1.21396; 1.32923
1.67281; 1.78735
1.32953; 1.67574
1.2769; 1.50859
1.04058; 1.44486
0.980798; 1.55728
1.21273; 1.50102
1.10618; 1.16417
1.2834; 1.39967
0.973934; 1.66087
1.14691; 1.60515
1.21641; 1.38981
1.28733; 1.34548
1.33492; 1.56655
1.26536; 1.66737
1.27046; 1.27015
1.22259; 1.2805
1.16085; 1.62464
1.16557; 1.80591
0.807742; 1.73029
1.32552; 1.44035
1.67619; 1.55998
1.45833; 1.51615
1.15967; 1.39124
0.86369; 1.61174
0.98776; 1.85857
1.49985; 1.61461
1.45982; 1.34264
1.10282; 1.33467
1.21887; 1.79857
1.09726; 1.61649
1.04585; 1.51024
1.45095; 1.50848
1.51049; 1.50997
1.09067; 1.66414
1.27175; 1.5025
1.39718; 1.80392
1.33222; 1.27397
1.10282; 1.62468
0.981787; 1.84734
1.04163; 1.6776
1.38174; 1.4964
1.79715; 1.39084
1.20908; 1.32389
1.26663; 1.3814
1.21273; 1.50102
1.28079; 1.57135
1.49533; 1.66721
1.09726; 1.50108
1.32819; 1.15469
1.08958; 1.49058
1.62498; 1.56634
0.993807; 1.34425
0.935358; 1.46112
1.22633; 1.16768
0.978827; 1.61168
1.73221; 1.15447
1.73395; 1.2134
1.09616; 1.55722
1.15967; 1.73886
0.922186; 1.67092
1.33492; 1.39256
1.32953; 1.32917
1.21029; 1.38282
1.2769; 1.45059
0.693759; 1.67607
1.22259; 1.57139
1.27432; 1.33189
1.43929; 1.49636
1.26791; 1.61314
1.26536; 1.49497
1.50136; 1.50085
1.38732; 1.56019
1.15384; 1.49954
1.27046; 1.67409
1.10394; 1.62632
1.10394; 1.62632
1.16557; 1.39831
1.33492; 1.50855
1.26536; 1.32254
1.1585; 1.56348
1.40431; 1.46236
1.16439; 1.62959
1.09837; 1.32929
1.09286; 1.20764
1.32953; 1.44471
1.33222; 1.67912
1.39435; 1.80026
1.21518; 1.61969
1.09837; 1.56036
1.38452; 1.1535
1.4364; 1.72298
1.50896; 1.62441
1.21151; 1.2689
1.09948; 1.56194
1.38452; 1.67233
1.10171; 1.68097
1.28602; 1.40253
1.04058; 1.38709
1.2603; 1.48899
1.38313; 1.32513
1.21887; 1.39262
1.22633; 1.80955
1.03639; 1.78423
1.09616; 1.32661
1.33222; 1.21608
1.56065; 1.61782
1.49985; 1.44169
1.09616; 1.49957
1.21396; 1.5603
1.45095; 1.68244
1.32953; 1.56023
1.56222; 1.50383
1.21029; 1.67076
1.21029; 1.49801
1.15733; 1.50409
1.2834; 1.57455
1.22259; 1.57139
0.919412; 1.43622
1.32685; 1.61473
1.03535; 1.38013
1.15733; 1.56191
1.49985; 1.7875
1.27175; 1.73353
1.43929; 1.38131
0.978827; 1.9568
1.33492; 1.56655
1.33087; 1.27269
1.09616; 1.44192
1.15616; 1.96458
1.39153; 1.62285
1.57655; 1.45927
1.09948; 1.9088
0.989767; 1.33879
1.10059; 1.44775
1.27046; 1.61639
1.51819; 1.34261
1.16203; 1.21986
1.21641; 1.44769
1.03848; 1.73018
1.21273; 1.73182
1.28209; 1.51472
1.28079; 1.45501
1.10506; 1.33738
1.09396; 1.66915
1.21396; 1.67581
1.51356; 1.33852
1.44802; 1.38968
1.39012; 1.67908
1.14806; 1.66411
1.51819; 1.576
1.28079; 1.28047
1.26663; 1.84159
1.27046; 1.73178
0.923115; 1.38434
1.3986; 1.28171
1.50743; 1.97026
1.99854; 2.22538
1.21764; 1.73882
1.10394; 1.51021
1.38592; 1.67401
1.44364; 1.96238
1.56222; 1.73506
1.21029; 1.55559
0.929667; 1.39416
1.10506; 1.80229
1.16085; 1.7986
1.4451; 1.61791
1.21151; 1.6148
1.38872; 1.50395
1.21764; 1.62297
1.21151; 1.78771
1.44948; 1.62281
0.978827; 1.72674
1.49985; 1.61461
1.39153; 1.56492
1.55908; 1.61619
1.10731; 1.3401
1.04163; 1.38849
1.39012; 1.56334
1.21887; 1.74058
1.39718; 1.39677
1.21887; 1.50862
0.984765; 1.27413
0.981787; 1.328
1.33627; 1.74227
1.56697; 1.9722
1.27561; 1.91254
1.04373; 1.62306
1.09506; 1.32528
1.44074; 1.44028
1.62169; 1.33169
1.66945; 1.72626
0.811829; 1.73904
1.32419; 1.84155
1.22011; 2.14855
1.50591; 1.44752
1.21396; 1.61806
1.20786; 1.32257
1.27561; 1.68086
1.10171; 1.5651
1.40288; 1.81127
1.21396; 1.79131
1.20786; 1.43753
1.32819; 1.50096
1.61516; 1.49925
1.51049; 1.80017
1.27303; 1.38837
1.21641; 1.62133
1.1585; 1.38984
1.26663; 1.554
1.45095; 1.85637
1.21641; 1.62133
1.21273; 1.78951
1.03535; 1.20767
1.45095; 1.27649
1.33222; 1.67912
1.32552; 1.8434
1.09616; 1.38427
1.26918; 1.73004
1.4451; 1.7334
1.04268; 1.79504
1.09506; 1.49807
1.09506; 1.09486
1.27561; 1.62293
1.40003; 1.39961
1.33763; 1.51161
1.33492; 1.33456
1.32286; 1.83971
1.43496; 1.7786
1.27175; 1.79127
0.986759; 1.62474
1.15036; 1.72491
1.09286; 1.72494
1.15268; 1.78595
1.38452; 1.55705
1.39576; 1.51158
1.39435; 1.74223
0.923115; 1.49965
1.09948; 1.50412
0.98776; 1.33607
1.33899; 1.28044
1.49985; 1.67224
1.20544; 1.43465
0.864558; 1.84369
1.27819; 1.97444
1.16321; 1.80225
1.33087; 1.79304
1.03121; 1.88977
1.45095; 1.7984
1.32685; 1.67237
1.55126; 1.72289
1.49684; 1.2662
1.09506; 1.15247
1.27819; 1.45206
1.22633; 1.40113
1.22633; 1.22605
0.58463; 0.5846
1.99259; 0.796823
0.867175; 1.56047
1.45833; 1.10808
0.883215; 1.11855
1.0544; 1.40551
1.44656; 1.73515
1.10506; 2.26696
1.34035; 2.50404
0.637236; 2.77843
1.03639; 2.81886
0.865428; 2.82467
1.27432; 2.60455
1.34582; 2.51426
1.61516; 2.36341
1.09067; 2.46668
1.15152; 2.41659
0.993806; 2.45366
1.06419; 2.54043
1.45833; 3.1465
1.15616; 3.63678
1.05225; 3.38645
0.758452; 3.43798
1.27819; 3.71286
1.34034; 4.36186
1.14576; 4.40221
0.934401; 4.89347
0.756141; 4.93166
0.876904; 4.95655
1.32819; 5.06807
1.09285; 5.27645
0.403483; 5.80175
1.1017; 6.29448
0.697273; 6.42262
0.471072; 6.56608
-0; 5.59934
0.47646; 4.28012
0.937268; 4.50113
1.73046; 5.23367
1.10956; 5.99269
0.826886; 6.58575
0.528323; 7.18251
0.881395; 7.93986
1.23007; 8.66053
0.815119; 9.06439
0.865418; 9.20847
0.410499; 9.52864
0.529948; 10.0244
0.472038; 10.2162
0.236266; 10.4554
0.292616; 10.7573
0.176471; 11.7165
0.70153; 11.9261
0.351495; 12.6774
0.350063; 12.6829
0.289948; 12.774
0.233853; 12.7081
0.587012; 12.3104
0.295939; 12.5788
-0.0602465; 12.1647
-0.606269; 11.8911
-0; 12.4211
0.236996; 13.6591
0.117647; 13.8423
0.643724; 14.6533
-0.0588231; 15.001
-0; 15.4659
0.705115; 15.8045
0.649024; 15.6479
0.235775; 15.4145
-0.0584629; 15.2947
-0.17793; 15.1195
0.0591266; 15.0748
-0.480439; 14.9085
-0; 14.6645
0.354024; 15.3746
0.415163; 15.8901
0.8905; 15.9592
0.836344; 15.39
-0; 15.4515
0.593696; 15.1337
0.534329; 15.3549
-0; 15.2551
0.356226; 14.8572
-0.419947; 14.6693
-0.300279; 14.6842
-0; 15.0922
0.0600563; 15.1331
0.359204; 14.6401
0.238226; 14.846
-0; 15.0835
0.536554; 15.1384
0.484503; 14.6894
0.416027; 14.5939
0.120618; 15.6422
0.29351; 15.1356
0.473491; 15.1995
0.718379; 14.8632
0.120239; 14.6429
-0.299338; 14.8641
-0; 14.8149
-0.0598055; 15.0728
0.357709; 14.8049
0.177746; 14.8834
0.11862; 15.0642
0.117767; 14.9057
-0.238226; 14.9016
-0.1815; 15.1834
-0.239471; 14.8642
-0.298402; 15.2095
-0.0601194; 14.7554
0.841613; 14.1903
-0.180547; 14.9388
-0.537113; 14.9308
-0.11899; 14.8869
-0.36147; 15.0099
0.239221; 14.5696
0.538796; 15.0872
0.771786; 14.9671
0.238226; 15.1239
0.353661; 14.81
-0.666882; 14.7605
-0.433099; 14.3557
-0.54796; 14.1359
-0.302819; 14.5763
0.357337; 14.5672
0.178856; 14.9722
0.535439; 15.2746
0.120365; 15.3874
-0.180357; 15.0921
-0; 15.4144
-0.0606925; 14.8898
0.181308; 15.5053
0.179416; 15.4623
0.241235; 15.6421
-0; 15.9454
-0; 16.0265
-0.247219; 16.2957
0.0603722; 16.4385
0.478428; 16.9508
-0; 17.4019
-0.120489; 17.7818
-0.558633; 18.0609
-0.754637; 17.7136
-0.497644; 18.0415
-0.182848; 18.7998
0.179787; 19.3113
0.243019; 19.8804
-0.124547; 20.1728
-0.559837; 20.5347
-0.309013; 20.9004
-0.305715; 21.2296
-0.24562; 21.6847
-0.250452; 21.8012
-0.751318; 21.6917
-0.687209; 22.2403
-0.744804; 22.1094
-0.375262; 22.4772
-0.312038; 22.8054
-0.691727; 23.5453
-0.693249; 23.4325
-1.0083; 24.2218
-0.628151; 24.726
-0.375253; 25.0951
-0.565957; 25.472
-0.819261; 25.7247
-1.14309; 25.7933
-0.76551; 25.7923
-0.89208; 26.0759
-0.445571; 26.258
-0.442618; 26.6655
-0.884207; 26.7389
-0.958977; 27.1218
-1.08802; 27.3491
-0.953656; 27.1942
-0.824687; 27.5439
-0.957902; 27.6999
-0.903114; 27.5345
-1.15978; 27.2521
-1.36066; 27.3821
-1.29151; 27.3545
-1.02863; 27.2516
-0.907201; 27.4878
-1.02748; 27.3269
-0.84146; 27.3597
-0.775862; 27.5374
-1.09783; 27.6103
-0.844319; 27.6434
-1.29589; 27.5357
-0.965439; 27.2782
-0.966526; 27.2026
-0.837676; 27.2034
-0.981991; 26.9011
-0.980866; 27.2895
-0.91029; 27.4653
-0.968701; 27.5605
-0.638636; 27.5011
-0.646564; 27.5381
-0.646565; 27.3853
-0.782043; 27.2625
-0.90823; 27.2586
-0.970894; 27.1542
-0.837676; 27.1524
-0.782045; 27.0044
-0.911325; 27.3894
-0.97199; 27.3853
-1.10281; 27.4108
-0.77674; 27.3601
-0.843365; 27.4126
-0.911322; 27.6454
-1.10405; 27.5906
-1.10908; 27.4926
-1.04505; 27.314
-0.978629; 27.5449
-0.973089; 27.5139
-1.10405; 27.4885
-0.911323; 27.5432
-0.902102; 27.152
-0.587215; 27.4444
-1.10156; 26.9741
-1.04149; 27.1828
-1.17164; 27.3361
-0.844323; 27.2341
-0.780266; 27.4149
-1.16766; 27.5634
-0.643661; 27.1783
-0.903117; 27.2292
-0.775865; 27.1804
-0.713632; 27.2597
-1.16371; 27.331
-0.716064; 27.3905
-0.90823; 27.3099
-0.914441; 27.4694
-0.971992; 27.2318
-1.09907; 27.1782
-0.844321; 27.388
-1.17031; 27.3096
-0.842412; 27.335
-0.713631; 27.4133
-1.16109; 27.3293
-0.909256; 27.592
-0.908229; 27.3611
-0.779383; 27.2345
-0.713631; 27.3622
-0.905157; 27.1284
-0.715251; 27.4665
-1.10156; 27.3843
-0.648763; 27.1574
-1.03795; 27.3602
-0.90926; 27.285
-0.975298; 27.4649
-1.29443; 27.2028
-0.910293; 27.1058
-0.976407; 27.389
-0.71444; 27.3887
-0.771512; 27.2024
-0.844321; 27.388
-0.844322; 27.3367
-0.780266; 27.4661
-0.784719; 27.4455
-1.22695; 27.3041
-0.784719; 27.3939
-0.916529; 27.5744
-0.904136; 27.1533
-0.582571; 27.412
-0.962199; 27.0982
-0.260398; 27.6482
-0.967613; 27.3307
-1.17031; 27.3609
-1.17699; 27.4942
-1.55671; 27.2016
-0.968704; 27.2551
-0.905156; 27.2307
-0.909258; 27.4387
-0.58588; 27.4937
-1.03561; 27.3073
-1.04149; 27.4911
-0.898063; 27.0477
-0.843366; 27.3103
-1.03095; 27.1001
-1.03561; 27.205
-0.981985; 27.4194
-0.515516; 27.1029
-0.844321; 27.4391
-0.906174; 27.614
-1.23251; 27.4097
-1.17297; 27.1051
-1.03678; 26.8199
-1.23812; 27.3107
-0.77762; 27.1817
-0.847202; 27.4678
-0.582571; 27.361
-0.908229; 27.3611
-0.977516; 27.5182
-1.09907; 27.2294
-0.969797; 27.2814
-1.03912; 27.5911
-0.970892; 27.3588
-0.973091; 27.3094
-0.903116; 27.3821
-0.904136; 27.2045
-0.842412; 27.335
-0.90926; 27.2337
-0.844323; 27.1827
-1.3622; 27.4085
-1.10406; 27.181
-0.976408; 27.2862
-1.03913; 27.2328
-0.910291; 27.3115
-0.90926; 27.2337
-0.839563; 27.3069
-0.968703; 27.3571
-0.91029; 27.4653
-1.09908; 27.0758
-0.977517; 27.4669
-1.42704; 27.3055
-1.09537; 27.0485
-0.58323; 27.2852
-1.0356; 27.4094
-0.842412; 27.335
-1.03795; 27.2064
-0.909261; 27.1823
-0.97309; 27.4118
-1.09784; 27.1008
-0.780267; 27.3123
-1.4319; 27.4876
-1.22973; 27.2034
-1.04031; 27.3106
-1.1624; 27.3556
-0.904136; 27.2045
-1.10406; 27.3862
-1.17164; 27.2333
-0.911326; 27.2352
-1.03795; 27.2064
-0.969797; 27.2814
-0.776741; 27.309
-0.582571; 27.3099
-0.904135; 27.3065
-0.84146; 27.3086
-0.773247; 27.2547
-1.16109; 27.0741
-0.97752; 27.1582
-1.10531; 27.1559
-0.906179; 27.2059
-0.901088; 27.2278
-0.968707; 27.0505
-0.847202; 27.4678
-0.904136; 27.1533
-1.10656; 27.3367
-1.03327; 27.2036
-0.91236; 27.4674
-0.909259; 27.3363
-1.10281; 27.1546
-1.16898; 27.2831
-0.904135; 27.2555
-0.968704; 27.3061
-0.841462; 27.1038
-1.09907; 27.1782
-1.04505; 27.4685
-1.03795; 27.2064
-0.908229; 27.3611
-1.03913; 27.3354
-0.781154; 27.2875
-1.1028; 27.4619
-1.03327; 27.1013
-0.843366; 27.3103
-1.03327; 27.3566
-0.841459; 27.4617
-0.774118; 27.23
-0.776741; 27.309
-1.04267; 27.3123
-0.966526; 27.2026
-0.977516; 27.5182
-0.84146; 27.3086
-1.17031; 27.4634
-0.91029; 27.4653
-1.10782; 27.4146
-0.648027; 27.5402
-1.23251; 27.4097
-1.15978; 27.2521
-0.971991; 27.283
-1.03444; 27.332
-0.84528; 27.3119
-1.09783; 27.3052
-0.970893; 27.3078
-1.23531; 27.4628
-1.29883; 27.282
-0.848166; 27.4945
-0.839563; 27.3069
-0.971991; 27.283
-1.0356; 27.4604
-0.973091; 27.3094
-0.77762; 27.233
-0.842411; 27.3861
-1.03444; 27.2298
-1.23251; 27.2561
-1.10531; 27.1559
-0.910291; 27.3628
-0.90926; 27.285
-0.970894; 27.1542
-0.968706; 27.1018
-1.04505; 27.3655
-0.903118; 27.1782
-0.900078; 27.0998
-0.907201; 27.4368
-0.905155; 27.2818
-1.04267; 27.4151
-1.10406; 27.3862
-0.842414; 27.1301
-0.976406; 27.4915
-1.03678; 27.0774
-1.10031; 27.3068
-1.17031; 27.2582
-0.781155; 27.1845
-1.02979; 27.176
-0.708021; 27.178
-0.780268; 27.2095
-1.02519; 27.0209
-1.10281; 27.4108
-1.29736; 27.4602
-0.774991; 27.1541
-1.03444; 26.9737
-1.10281; 26.8972
-1.29444; 26.6885
-1.47684; 26.7114
-0.713633; 27.2084
-1.09783; 27.407
-0.84051; 27.3333
-0.901088; 27.2786
-0.841461; 27.2063
-0.78116; 26.615
-1.10909; 26.925
-1.03678; 27.0774
-0.831134; 27.0212
-0.834858; 27.2775
-0.771512; 27.2024
-1.02864; 26.9458
-1.22973; 26.9983
-1.10032; 26.8449
-0.773246; 27.3057
-0.771507; 27.7087
-1.14434; 27.0921
-0.901089; 27.1259
-1.34696; 26.8913
-0.960051; 26.8937
-0.692465; 26.7143
-0.889106; 26.8158
-1.01498; 26.4344
-1.19992; 26.2814
-0.885185; 26.5117
-1.0772; 26.5103
-1.26445; 26.0003
-1.07247; 25.5427
-0.938061; 25.3486
-0.43923; 25.526
-0.878413; 25.0109
-0.814789; 24.5739
-1.00169; 24.1854
-0.748849; 23.7519
-0.687954; 23.114
-0.624055; 23.122
-0.55086; 21.8321
-0.923971; 21.8519
-0.430291; 21.546
-0.247745; 21.3728
-0.619346; 20.616
-0.370817; 19.9231
-0.485002; 19.5186
-0.0608198; 19.1979
0.0598043; 18.6321
-0.426638; 18.7994
-0.0604992; 18.0165
-0.299022; 16.9511
-0.30154; 16.9201
0.0596184; 16.4089
0.237978; 15.7171
0.179229; 14.8346
-0.35883; 14.4574
-0.24073; 13.8661
-0.178858; 13.1773
0.118991; 12.7554
0.352577; 12.2109
0.117407; 11.4679
0.586414; 11.3432
0.117527; 11.1969
0.469619; 10.676
0.290539; 10.1768
-0; 9.3389
0.350424; 8.86446
0.406754; 7.85312
1.11182; 7.10208
0.528866; 5.85577
0.416039; 5.39251
0.528325; 4.74401
0.584629; 4.60854
1.16676; 4.13452
1.21887; 3.24661
1.04479; 1.97261
0.761555; 1.22998
0.991783; 1.2249
0.932504; 1.16542
1.22758; 0.350706
0.876014; 0
0.757682; -0.582795
0.934405; -1.28453
1.51049; -1.97425
1.10956; -2.33449
1.1632; -3.25325
0.995836; -4.44283
0.952852; -5.46207
2.05167; -5.55024
1.47181; -5.86604
1.28864; -6.12638
1.63656; -7.32345
1.78617; -8.04284
1.25837; -9.14887
1.85336; -10.289
1.73206; -10.5103
2.28355; -10.7033
2.75976; -11.2972
2.53559; -11.7406
1.46876; -12.5831
1.69353; -13.3596
1.08089; -14.0621
1.60762; -14.059
1.62963; -14.4702
1.51536; -14.6431
1.59449; -15.0937
1.62791; -14.8506
2.44543; -15.3075
2.17008; -15.7433
2.43396; -16.3887
1.65753; -17.2598
1.60823; -17.4391
2.46269; -17.8632
2.37064; -17.8715
2.56636; -18.3994
2.31482; -18.6764
2.47596; -19.6173
2.19283; -19.6723
2.44313; -20.5526
2.06311; -20.3518
2.41934; -20.5325
2.40891; -20.3971
2.42196; -20.6616
2.56265; -21.1648
2.57386; -21.5755
2.2; -22.0357
2.26279; -22.1966
2.33582; -22.2299
2.71408; -22.1699
2.74986; -22.2405
2.58516; -22.6886
2.40416; -22.9202
1.98357; -23.3713
2.41482; -23.1725
2.63077; -22.447
2.74986; -22.0797
2.81226; -22.025
2.64523; -22.235
0.934336; -21.0702
3.31381; -22.3592
3.83882; -23.3341
2.68953; -22.8426
0.659875; -20.8108
2.57104; -22.0944
0.191822; -22.219
2.91919; -21.896
2.57668; -21.7055
3.54058; -21.7637
0.93707; -21.5398
2.3671; -22.4979
1.90476; -22.3466
1.63644; -22.0641
3.38089; -21.6265
2.68162; -21.3376
2.47557; -21.6844
2.35481; -21.3776
2.5222; -22.205
1.97696; -22.5987
3.09209; -22.5409
2.19519; -22.1536
2.31796; -21.9686
2.81533; -21.9392
2.771; -22.0709
2.51116; -21.9554
2.81226; -21.9175
2.51943; -22.0749
1.93815; -22.0913
2.56822; -22.2874
2.70514; -22.3735
2.27527; -22.0903
2.39625; -22.0446
2.59659; -22.3467
2.2097; -21.9064
2.61649; -21.7486
2.69333; -21.7472
2.25537; -22.1309
2.13486; -22.2302
2.63654; -22.1691
2.4701; -22.0773
2.40418; -22.219
2.62791; -22.0498
2.27778; -22.2208
2.46465; -22.3042
2.52498; -22.2271
2.49477; -21.7719
1.94451; -22.0491
2.51391; -21.9772
2.33326; -21.9913
2.44044; -21.8913
2.73496; -21.811
2.32303; -22.0661
2.57385; -21.9544
2.58233; -22.182
2.71109; -22.31
2.26776; -22.3485
2.45652; -22.3457
2.19759; -22.1217
2.40418; -22.0562
2.58518; -21.9333
2.57386; -21.9004
2.57104; -21.9327
2.55984; -22.061
2.15611; -22.4838
2.5795; -22.2679
2.1302; -22.0788
2.70218; -22.0282
2.27026; -22.1005
2.59373; -22.1619
2.70218; -22.2438
2.3129; -21.9253
2.61649; -21.856
2.56543; -21.7816
2.20727; -21.9388
2.47009; -22.4569
2.1419; -22.0803
2.45114; -22.14
2.36503; -21.6772
2.56823; -21.8571
2.5795; -22.16
2.3384; -21.9808
2.57104; -21.9866
2.56823; -22.0726
2.62791; -22.0498
2.32814; -22.0018
2.57668; -21.9222
2.32304; -21.6877
2.57385; -22.1162
2.64233; -22.1051
2.40418; -22.1105
2.21457; -22.0045
2.32559; -21.8718
2.50294; -21.7826
2.76191; -21.8974
2.37534; -21.9782
2.44578; -22.0963
2.50841; -22.0415
2.58234; -22.0199
2.5795; -22.0521
2.51943; -22.183
2.39098; -22.2707
2.38314; -22.0434
2.32303; -22.1738
2.2; -22.2514
2.14662; -22.07
2.32304; -21.6335
2.20484; -21.7542
2.37795; -21.5141
2.51116; -21.7933
2.63078; -22.1253
2.55983; -22.2217
2.56542; -22.2654
2.81225; -22.2394
2.45383; -22.108
2.32558; -21.9259
2.26032; -21.6885
2.14662; -21.9072
2.38837; -21.5454
2.02269; -21.6036
2.38837; -21.5454
2.26528; -21.786
2.50294; -21.6746
2.5795; -22.3217
2.44577; -22.2576
2.45382; -22.3775
2.45113; -22.3554
2.32304; -21.9582
2.57385; -22.1162
2.37794; -21.8922
2.75888; -22.1451
2.24801; -21.9583
2.46194; -22.1198
2.41217; -22.1224
2.33583; -21.9589
2.62505; -21.7591
2.25046; -22.0873
2.45383; -22.2698
2.39098; -22.4859
2.41216; -22.5567
2.57667; -22.2458
2.56263; -22.1364
2.56542; -22.3725
2.40152; -22.5751
2.55307; -23.0469
1.92179; -22.7448
2.34357; -22.2421
2.18088; -21.4317
2.54049; -21.1597
2.84369; -20.6276
2.43249; -21.1789
2.50295; -21.1323
2.00282; -21.2477
2.25787; -20.7953
2.50296; -20.6956
2.43251; -20.1416
2.16443; -20.3662
2.42196; -20.6072
2.19761; -20.9813
2.38578; -20.5947
2.13023; -19.8949
2.47062; -19.633
2.16444; -19.3819
2.36251; -19.3662
1.97908; -18.6656
1.85549; -17.9981
1.94965; -17.0249
2.121; -16.7718
2.28571; -15.7664
2.4084; -15.8366
1.82015; -15.8977
1.71157; -16.2369
1.4563; -16.1247
1.99149; -15.8725
1.86305; -14.6917
2.41095; -14.3924
1.90909; -13.804
1.19595; -12.9307
1.67584; -12.7136
1.29258; -12.2081
1.85335; -11.6716
1.42024; -11.3293
1.71419; -11.1458
2.06007; -11.0423
2.08144; -11.0967
1.53379; -10.7832
1.53379; -10.6124
1.29391; -10.1262
1.18729; -9.5277
1.36391; -9.22876
1.06309; -8.50044
1.34581; -8.07874
2.19592; -7.63832
1.62168; -7.02952
1.35133; -6.72503
1.00095; -6.73956
0.935352; -6.40351
1.56064; -6.67384
1.72698; -6.87374
1.52595; -6.77557
0.885941; -6.3524
0.64506; -5.95978
0.935354; -5.59406
1.32021; -4.41071
2.13356; -4.03492
1.55126; -3.90037
0.584629; -3.96906
1.00301; -5.06062
0.532691; -5.37026
1.05982; -5.05018
1.21273; -4.66699
1.71664; -3.9984
1.55126; -3.84318
1.37897; -3.61464
1.43929; -3.96568
1.17153; -4.50079
1.05764; -5.273
0.767041; -5.64582
0.829453; -5.7276
1.17997; -5.64513
1.16438; -5.91685
0.944995; -5.24165
0.763896; -4.28147
1.10956; -3.90637
1.27949; -3.54286
1.15384; -3.45708
1.48935; -3.20414
1.21029; -3.28125
1.17513; -2.93506
0.826891; -3.24492
0.70298; -2.92646
0.635951; -2.48438
1.03744; -2.41911
0.925911; -2.37119
0.935358; -2.04514
0.526708; -1.63818
0.699405; -1.10723
0.817621; -0.233597
0.230565; -0.115282
1.1585; 0
0.698694; 0.698642
0.870689; 0.812558
0.346543; 1.55905
0.926847; 1.62148
0.639176; 1.97481
1.14921; 2.01016
0.580484; 2.08878
0.409248; 2.33725
0.762334; 2.0515
0.583439; 2.44891
0.639175; 2.7289
0.347593; 3.58709
0.405113; 4.79226
0.748542; 5.33932
0.74779; 5.61897
0.690274; 5.84683
0.405522; 6.17466
0.465333; 6.48678
0.115398; 6.9474
0.576393; 6.71284
0.747039; 6.91923
0.115865; 6.91813
-0; 7.21788
0.231729; 7.54525
0.574081; 8.15381
0.341039; 8.24134
0.686137; 7.95334
0.115748; 7.70833
-0; 7.51843
0.0583455; 7.19681
0.174503; 6.83127
0.348296; 6.64571
0.291133; 6.66583
0.639171; 6.8813
0.46723; 6.97378
0.521379; 6.68939
0.289954; 6.35284
0.46723; 6.57064
0.234096; 6.69959
0.349358; 6.55088
0.580481; 6.47363
0.690273; 6.52907
0.46112; 6.48545
0.46723; 6.7435
0.519803; 6.61236
0.407997; 6.49991
0.52138; 6.1173
0.233857; 6.57745
0.527783; 6.48149
0.290837; 6.54432
0.233619; 6.74367
0.583436; 6.67902
0.462983; 6.911
0.582843; 6.49974
0.523497; 6.25692
0.579893; 6.29531
0.811003; 6.40313
0.638525; 5.95726
0.527244; 6.0118
0.406756; 6.30814
0.350069; 6.3913
0.406343; 6.87465
0.23267; 6.71653
0.349713; 7.01726
0.0585244; 6.69965
0.349713; 6.44241
0.233144; 6.26976
0.116572; 6.55759
0.522436; 6.58828
0.580481; 6.35898
0.291133; 6.32094
0.582251; 6.20563
0.351501; 6.35936
0.46439; 6.41643
0.630855; 6.39645
0.519803; 6.66935
0.525096; 6.62153
0.701542; 6.34614
0.292023; 6.45547
0.468185; 6.69943
0.579893; 6.52438
0.346192; 6.37807
0.697273; 6.36523
0.291429; 6.26973
0.291726; 6.39134
0.34865; 6.19335
0.347241; 6.34008
0.467707; 6.57729
0.575814; 6.42202
0.639821; 6.544
0.233144; 6.61507
0.0582862; 6.61512
0.526168; 6.51953
0.407583; 6.26333
0.46628; 6.49986
0.291429; 6.84498
0.522965; 6.82416
0.46392; 6.46725
0.69869; 6.37806
0.23267; 6.48694
0.116929; 6.63518
0.467231; 6.39767
0.465333; 6.3719
0.406756; 6.4803
0.462983; 6.45429
0.635947; 6.39056
0.639821; 6.37172
0.465806; 6.43583
0.349713; 6.49995
0.639821; 6.544
0.693755; 6.44758
0.46392; 6.5245
0.759222; 6.22424
0.292919; 6.12784
0.234336; 6.76416
0.233381; 6.67931
0.522436; 6.41637
0.753081; 6.51761
0.751561; 6.67572
0.579893; 6.3526
0.1161; 6.47394
0.29262; 6.52632
0.232199; 6.35925
0.410503; 6.42369
0.348296; 6.35919
0.465806; 6.37832
0.695158; 6.74632
0.233619; 6.74367
0.522436; 6.47369
0.462983; 6.33999
0.349358; 6.20584
0.348649; 6.53771
0.23267; 6.60176
0.46628; 6.38476
0.408413; 6.16067
0.634666; 6.60563
0.518757; 6.65605
0.405112; 6.62571
0.757677; 6.49951
0.410923; 6.08218
0.351142; 6.35292
0.174681; 6.03323
0.522436; 6.47369
0.641775; 6.79403
0.345843; 6.6562
0.639172; 6.59477
0.756139; 6.429
0.642429; 6.62808
0.581069; 6.59484
0.116572; 6.61511
0.694456; 6.51117
0.346541; 6.21326
0.693755; 6.33339
0.35007; 6.21838
0.527244; 6.35921
0.465333; 6.54419
0.634666; 6.77637
1.03952; 6.55457
0.863685; 6.08025
0.753082; 5.77319
0.807738; 5.86422
-0; 6.33373
0.467707; 6.46187
0.467707; 6.8656
0.525631; 6.51294
0.408412; 6.6792
0.466755; 6.44882
0.233144; 6.50002
0.116218; 6.53782
0.175215; 6.62846
0.116218; 6.42308
0.524562; 6.44226
-0; 6.57086
0.46628; 6.67242
0.462983; 6.73984
0.690966; 6.53557
0.522966; 6.42283
0.521379; 6.86077
0.58225; 6.43571
0.348649; 6.70971
0.640471; 6.2631
0.584031; 6.22446
0.407997; 6.09683
0.408829; 6.28233
0.348296; 6.53114
0.52138; 6.23182
0.521379; 6.68939
0.347592; 6.63239
0.350069; 6.62168
0.348296; 6.30185
0.465806; 6.43583
0.700827; 5.99336
0.524029; 6.09058
0.759222; 6.10878
0.46628; 6.21201
0.581069; 6.70949
0.695158; 6.74632
0.52138; 6.57508
0.873338; 6.3778
0.697981; 6.25672
0.637879; 6.00864
0.464862; 6.13582
0.524562; 6.26955
0.408413; 6.33363
0.290542; 6.19338
0.639821; 6.42916
0.520328; 6.39069
0.644399; 6.64823
0.235298; 6.32723
0.233858; 6.34656
0.348296; 6.35919
0.287625; 6.58623
0.581659; 6.42923
0.406344; 6.47379
0.290542; 6.59509
0.292023; 6.85881
0.522965; 6.88144
0.753081; 6.40322
0.518758; 5.80166
0.809368; 5.5898
0.466755; 5.81437
0.697273; 6.47999
0.759222; 6.74313
0.52138; 6.17456
0.584031; 6.22446
0.407997; 6.15445
0.290542; 6.25081
0.700113; 6.33332
0.347944; 6.46734
0.466755; 6.44882
0.349713; 6.32728
0.465806; 6.37832
0.635947; 6.50473
0.463451; 6.91792
0.231964; 7.21059
0.0583456; 6.79445
0.407997; 6.49991
0.58107; 6.13571
0.633392; 5.85274
0.641123; 6.15422
0.578138; 6.04782
0.700827; 6.05112
0.522966; 6.30804
0.46628; 6.55739
0.524562; 6.72985
-0; 6.60846
0.524562; 6.55734
0.521907; 6.40993
0.749294; 6.14347
0.520853; 6.22557
0.462984; 5.99676
0.468664; 6.41713
0.29262; 6.46855
0.291429; 6.67255
0.0583456; 6.73691
0.348296; 6.53114
0.464861; 6.42288
0.405932; 6.52455
0.69869; 6.55052
0.575813; 6.81972
0.58048; 6.76001
0.46439; 6.41643
0.174326; 6.13599
0.409664; 5.8321
0.349714; 6.03923
0.405522; 6.23192
0.695158; 6.63203
0.637233; 6.57495
0.697273; 6.47999
0.581659; 6.37179
0.176112; 6.31439
0.175394; 6.28882
0.524029; 6.37827
0.635947; 6.44765
0.745544; 6.50955
0.635947; 6.27634
0.524029; 6.26323
0.700826; 6.3974
0.292023; 6.34011
0.347592; 6.51805
0.525096; 6.21823
0.525631; 6.33993
0.637233; 6.23169
0.52138; 6.5179
0.634028; 6.37144
0.635306; 6.213
0.754608; 6.01453
0.409664; 6.52624
0.174503; 6.54438
0.233619; 6.28244
0.463451; 6.28911
0.638524; 6.41624
0.410083; 6.41718
0.583436; 6.33346
0.58225; 6.37821
0.522966; 6.59491
0.579307; 6.46065
0.635947; 6.56179
0.693755; 6.44758
0.526168; 6.17304
0.584627; 6.11519
0.351142; 6.35292
0.820124; 6.41669
0.870684; 6.18652
0.635947; 6.67588
0.406756; 6.53767
0.584627; 6.40402
0.174858; 6.26978
0.174858; 6.50004
0.232671; 6.08464
0.806113; 6.47856
0.804497; 6.40894
0.408413; 6.10299
0.234816; 6.08229
0.292321; 6.28877
0.876902; 6.74976
0.802885; 7.24428
0.695158; 6.1171
0.287914; 6.02392
0.058168; 6.08469
-0.0585843; 5.60616
0.467231; 6.16685
0.0585244; 6.06383
0.174326; 5.84861
0.405113; 5.8823
0.465806; 6.37832
0.581069; 6.42276
0.580481; 6.12954
0.518757; 6.25768
0.232907; 6.55095
0.582843; 6.55727
0.407582; 6.37837
0.578138; 6.78999
0.692358; 6.54862
0.751562; 6.50457
0.46439; 6.41643
0.69869; 6.66542
0.407582; 6.72318
0.691662; 6.37136
0.802084; 5.93684
0.292919; 5.8381
0.351501; 6.1278
0.349358; 5.86034
0.233858; 5.53684
0.578722; 6.05389
0.803691; 6.23244
0.980793; 6.32027
0.51928; 6.43491
-0; 6.22478
-0.0587044; 5.73384
-0; 5.46537
0.351862; 5.08856
0.694457; 5.36619
0.576975; 5.06409
0.696568; 5.15218
0.527784; 5.37921
0.174504; 5.50892
0.464862; 5.50322
0.522437; 5.44011
0.917567; 5.54516
0.808553; 5.01161
0.700828; 4.83578
0.808553; 4.9543
-0; 4.88916
-0; 5.15208
-0.11681; 5.64696
0.11681; 5.82043
0.579308; 5.48653
0.918487; 5.03846
0.918487; 5.09541
0.868048; 4.84929
0.465807; 5.51433
0.348297; 5.55527
0.524563; 5.28879
0.865425; 5.57854
0.464862; 5.33045
0.825187; 5.58159
0.116454; 5.74517
0.641777; 5.00468
0.747792; 4.13432
0.582252; 4.47416
0.749296; 4.83001
0.115865; 5.54419
0.0584052; 5.29973
0.291134; 4.87921
0.868048; 5.13644
0.28705; 4.98207
0.696568; 5.49745
0.632121; 5.55659
-0; 5.89427
0.347241; 6.16852
-0; 5.79113
0.115865; 5.48679
-0; 4.9073
0.173974; 5.31987
0.346193; 4.89246
0.173447; 4.73012
0.29262; 4.67154
0.406345; 4.92202
-0.527245; 4.8507
0.289955; 5.31983
-0; 5.37198
0.51668; 4.81096
0.289661; 5.48674
0.0579914; 5.20488
-0; 4.86576
-0.352222; 5.0355
-0.759224; 4.95167
0.114591; 5.08591
-0; 5.32381
0.576394; 5.51621
0.924041; 5.64123
1.28209; 5.57644
2.06434; 5.35054
0.465807; 5.62969
0.0572955; 5.37002
-0.230797; 4.89251
0.345497; 4.42505
-0.175215; 4.72011
-0.882305; 5.22033
-1.77089; 4.41777
-3.5944; 3.47192
-5.421; 4.47257
-4.69547; 4.03862
-3.88734; 4.05153
-3.8258; 3.87586
-6.22037; 3.67165
-3.51785; 3.45286
-5.40141; 3.57144
-5.52753; 2.59539
-6.51498; 3.04974
-7.21639; 2.83129
-5.99695; 2.87547
-3.33554; 4.37787
-3.46101; 3.09807
-0.528327; 1.81916
-4.69711; 3.59998
-3.58697; 3.86327
-6.23498; 5.4443
-6.86367; 4.14793
-5.4903; 2.68627
-6.83035; 3.62107
-7.82102; 3.36292
-8.02431; 2.41526
-8.68873; 3.01791
-7.69448; 3.1931
-4.90632; 4.50917
-9.7481; 2.0179
-3.72755; 1.83227
-11.3208; 2.11487
-9.98624; 3.43279
-4.8478; 3.26202
-11.0629; 1.88895
-10.1267; 2.5169
-7.69896; 2.2852
-17.4136; 1.99573
-4.86582; 0.861196
-9.60973; 1.97195
-10.174; 2.19375
-9.29856; 2.28394
-9.17172; 1.88476
-9.41446; 2.26909
-9.0092; 2.81253
-8.82136; 2.67476
-9.11997; 2.88975
-8.80759; 2.36504
-9.16786; 2.82878
-9.00919; 3.45565
-8.96658; 3.35941
-9.31086; 3.22093
-8.2924; 3.26742
-8.82036; 3.95583
-8.76361; 4.07073
-9.17706; 3.98416
-9.26206; 4.05314
-9.09943; 3.71223
-9.09944; 3.24927
-9.80397; 3.57456
-9.63427; 3.77201
-9.77842; 3.89805
-9.55885; 4.10421
-9.79036; 4.21816
-9.30897; 4.42124
-9.46229; 4.32583
-9.38597; 3.88257
-9.02653; 3.68282
-9.05623; 3.67133
-9.07435; 3.62127
-9.50022; 3.74278
-9.48146; 3.72345
-9.70135; 3.77513
-9.36708; 3.81719
-9.62456; 3.47913
-9.76052; 3.44818
-9.7506; 3.96862
-9.80036; 3.22788
-9.69299; 3.50357
-9.88065; 3.23526
-9.76854; 3.25633
-9.76052; 3.27324
-9.67204; 3.59061
-9.41475; 3.4094
-9.61393; 3.85631
-9.90053; 3.99202
-10.0551; 4.06441
-10.3048; 4.05761
-9.88324; 3.42918
-9.94055; 3.54452
-9.49071; 3.68171
-9.42468; 4.11197
-9.49054; 4.17229
-9.84859; 4.34728
-10.0781; 3.91219
-10.0248; 3.70597
-10.4042; 3.27011
-10.6413; 3.22943
-10.9391; 3.12871
-10.776; 3.42866
-10.1889; 3.53109
-10.2891; 2.97977
-10.3517; 3.19583
-10.4181; 3.56411
-10.0279; 4.17824
-10.0013; 4.36291
-10.5167; 4.43998
-10.7843; 4.24555
-11.0677; 3.70039
-10.6413; 3.87351
-10.4555; 3.65452
-10.6017; 3.78008
-10.2737; 4.17299
-10.2584; 4.02872
-10.0515; 3.98203
-10.4555; 4.05929
-10.5766; 3.73395
-10.7568; 3.28677
-10.5085; 3.49833
-10.6698; 3.49288
-10.6375; 3.48246
-10.3984; 3.7709
-10.1534; 4.13802
-10.279; 4.15162
-10.3718; 4.08461
-10.4809; 4.04648
-10.3308; 4.17224
-10.2787; 4.02442
-10.3467; 3.56201
-10.092; 3.5934
-10.2109; 3.32353
-9.76854; 4.01003
-9.69843; 4.24379
-10.1915; 4.25467
-10.2996; 4.39007
-10.1246; 4.13673
-10.0013; 4.19132
-10.1755; 3.81185
-10.0147; 4.04827
-10.1755; 3.75426
-10.4936; 3.62981
-10.4101; 3.40772
-10.3936; 3.61597
-10.0247; 4.0523
-10.2427; 3.93019
-10.2324; 4.09894
-10.1124; 4.12154
-10.1348; 3.7968
-9.68179; 3.94097
-10.4494; 3.57468
-10.0857; 3.7282
-9.9476; 3.87215
-10.196; 3.87711
-9.70963; 3.81337
-10.2165; 4.00041
-10.1389; 3.76238
-10.1594; 3.36487
-9.98777; 3.30874
-10.1621; 3.66022
-10.466; 4.06333
-10.403; 4.03922
-10.1755; 4.21474
-10.284; 4.00367
-10.1594; 3.94332
-10.092; 3.99786
-10.0349; 3.65185
-10.0282; 3.4964
-9.85578; 3.96328
-10.1755; 3.75426
-10.2737; 3.7107
-10.1491; 3.65056
-10.4809; 4.10409
-10.1844; 4.03394
-10.1185; 3.58208
-10.196; 3.64628
-10.1389; 3.76238
-10.1799; 3.66148
-10.2005; 3.66879
-10.2633; 3.76477
-10.0314; 3.80189
-10.0616; 4.27378
-10.2579; 4.01638
-10.1696; 3.77362
-10.0818; 4.05158
-9.99456; 4.15529
-10.2062; 3.76545
-10.1857; 3.93089
-10.0248; 3.93689
-10.4617; 3.9099
-10.1799; 4.0091
-10.4089; 3.60091
-10.3677; 3.91918
-9.96764; 3.76437
-10.3831; 3.72856
-10.0881; 3.74379
-10.2062; 3.76545
-9.89058; 3.93045
-10.1185; 3.6397
-10.367; 3.64431
-10.1185; 3.87011
-10.3308; 3.71003
-9.97769; 3.42116
-10.3726; 3.49263
-10.2268; 3.71506
-10.2891; 3.67915
-10.3726; 3.95692
-9.81597; 3.77384
-10.3204; 3.70635
-10.1287; 3.35485
-10.1389; 3.70466
-10.1491; 3.82389
-9.92335; 3.61754
-10.4089; 3.71674
-10.1022; 3.65484
-10.1653; 3.63545
-10.092; 3.82457
-9.79619; 3.8241
-10.2005; 3.66879
-10.2475; 3.43238
-10.3308; 3.47874
-10.1431; 3.55326
-10.0755; 3.25999
-9.94055; 3.60247
-9.93052; 3.19345
-10.1902; 3.60711
-10.4042; 3.61959
-10.4089; 3.31118
-10.1534; 3.61497
-10.0282; 3.4964
-10.3936; 3.61597
-10.2372; 3.77671
-10.3677; 4.03579
-9.99101; 4.55133
-10.1389; 4.4544
-10.3726; 4.24685
-10.0486; 4.3762
-10.2005; 4.36513
-9.94054; 4.47084
-9.9476; 4.50544
-10.2372; 4.87594
-10.1593; 4.98244
-10.1328; 4.88254
-9.83582; 4.88196
-10.3152; 5.23182
-10.1431; 5.5237
-10.174; 5.65614
-10.0754; 6.09598
-10.042; 6.14703
-10.5867; 6.51377
-10.416; 6.42495
-10.4616; 6.28697
-10.3205; 6.83026
-10.1947; 6.88369
-10.4722; 7.33149
-10.3571; 7.62185
-11.1108; 7.94624
-10.0974; 7.91421
-10.3205; 8.09886
-9.97759; 8.75552
-10.0449; 9.49891
-10.2732; 9.71316
-10.0997; 10.1744
-10.205; 10.1607
-10.6924; 10.1087
-10.326; 10.4515
-10.6341; 10.7426
-10.4913; 11.355
-10.6781; 11.3026
-10.5172; 11.4904
-10.7841; 11.6304
-10.5903; 11.7813
-10.3099; 12.3705
-10.1723; 12.9139
-10.7001; 12.8111
-10.8875; 12.987
-10.8287; 13.7818
-10.4631; 14.3541
-10.4759; 14.3043
-10.8068; 14.2852
-11.86; 14.222
-10.86; 15.5861
-10.2938; 15.7803
-11.2154; 16.2099
-11.0229; 16.7879
-11.4786; 17.2699
-10.6788; 17.2372
-9.9936; 17.5225
-10.7383; 17.8407
-10.69; 17.5859
-11.4888; 18.7673
-11.1523; 19.1418
-11.2127; 19.0281
-11.2363; 19.0522
-11.6801; 19.2289
-11.4069; 19.12
-11.055; 20.0083
-10.2771; 20.5455
-10.484; 21.2804
-10.887; 21.9227
-11.3949; 21.8863
-11.309; 22.2868
-12.2448; 22.1737
-11.1981; 21.8804
-11.3456; 22.7616
-10.9787; 23.1048
-10.8704; 23.7013
-10.9174; 24
-11.0473; 24.7414
-11.8841; 24.3753
-11.7299; 24.596
-11.6006; 25.068
-10.9227; 24.8552
-11.1072; 25.6145
-11.3463; 25.6226
-11.5125; 25.7867
-11.2453; 25.5477
-10.6812; 26.8836
-10.9344; 27.5388
-11.6616; 28.229
-12.3851; 28.6589
-12.4405; 28.6167
-12.3757; 28.8269
-11.8092; 28.9623
-11.8768; 29.3536
-11.4482; 29.9044
-11.7291; 30.3748
-11.9681; 30.7339
-11.5537; 30.4682
-11.75; 30.4507
-12.0604; 30.1458
-12.1159; 29.9602
-11.9583; 30.3625
-11.2822; 30.5602
-11.3594; 30.7284
-11.883; 31.1763
-11.651; 30.5698
-12.0122; 30.3968
-12.008; 30.2969
-11.8901; 30.4382
-12.1255; 30.2058
-12.1397; 30.2846
-12.102; 30.6489
-11.7935; 30.784
-11.425; 31.3592
-11.4521; 31.5687
-11.5594; 31.5597
-11.9214; 31.6933
-11.8828; 32.0542
-12.0972; 31.7701
-12.5337; 31.9106
-11.8515; 32.131
-11.61; 32.2431
-11.6892; 32.6013
-11.639; 32.8891
-12.0302; 33.137
-12.2069; 33.2157
-11.9836; 32.9354
-12.2159; 32.9432
-12.1065; 32.6667
-12.3406; 32.914
-11.9144; 33.2448
-11.9071; 32.8301
-11.9249; 33.1153
-12.1688; 33.0433
-12.1306; 33.3041
-11.9144; 33.1003
-12.2679; 32.9062
-12.1493; 32.8537
-12.6237; 32.9159
-12.2124; 32.8448
-11.8111; 32.9474
-11.8159; 32.982
-11.5607; 32.8313
-12.0061; 32.7535
-12.0535; 33.1028
-12.14; 32.7405
-11.71; 32.8632
-11.8579; 32.881
-12.3238; 33.0276
-11.9145; 32.8097
-12.1306; 32.9178
-11.6685; 32.5786
-11.7327; 32.6561
-12.178; 32.9145
-12.1493; 32.9017
-12.1637; 32.7395
-11.8861; 32.9905
-12.1256; 32.8551
-12.2124; 32.9419
-12.1162; 32.8387
-11.9287; 32.986
-12.0302; 32.8007
-12.0302; 32.8971
-12.0061; 32.8503
-11.777; 32.5663
-12.0445; 32.7346
-11.5897; 32.9064
-11.8547; 32.3356
-11.9287; 32.986
-12.0347; 32.6689
-11.943; 32.7737
-11.7631; 32.5845
-12.0118; 32.6609
-12.0633; 33.0697
-12.1161; 33.177
-12.0542; 32.6552
-11.9249; 32.9229
-12.3617; 33.0077
-11.9817; 33.1902
-12.0303; 32.6074
-12.0204; 32.784
-12.0445; 32.5407
-12.2738; 32.6789
-11.7352; 32.7173
-11.8686; 32.801
-11.802; 32.6627
-11.9635; 32.6623
-11.8049; 32.9663
-12.3407; 32.8174
-11.9918; 32.8681
-11.9919; 32.6746
-11.9072; 32.493
-12.1925; 32.7035
-11.8967; 32.7654
-12.1781; 32.7215
-12.1067; 32.9195
-12.1545; 32.6739
-11.9675; 32.918
-12.097; 32.6493
-11.5226; 32.9127
-11.8299; 32.7234
-11.7077; 32.3666
-12.0302; 32.8007
-12.1113; 32.7281
-12.1493; 32.6609
-12.135; 32.6307
-12.0543; 32.5103
-11.9596; 32.6494
-11.9391; 32.76
-11.802; 32.6144
-12.3176; 32.9641
-12.1544; 32.8678
-11.8967; 32.7171
-12.0781; 32.6064
-11.6685; 32.5786
-11.802; 32.566
-12.1781; 32.8181
-12.0019; 32.5953
-12.1494; 32.5642
-12.0639; 32.5764
-12.0401; 32.7212
-12.1493; 32.7574
-12.135; 32.7752
-12.3571; 32.898
-12.1961; 32.803
-11.9175; 32.9418
-11.796; 32.6848
-11.9; 32.6601
-12.0314; 32.4567
-12.2935; 32.6218
-12.2281; 32.1501
-11.9657; 32.3195
-12.0923; 32.2007
-12.1909; 32.0227
-11.845; 31.7747
-11.6806; 30.9895
-11.6278; 30.6839
-11.7956; 30.6114
-11.8224; 30.3756
-11.9067; 29.9409
-11.9103; 29.5931
-11.6524; 29.3254
-11.5872; 28.7445
-11.5382; 28.1121
-11.6658; 27.5923
-11.6922; 27.5423
-11.4344; 26.2375
-11.2087; 25.7917
-11.2088; 25.1171
-11.396; 25.311
-11.2336; 24.9033
-11.4206; 24.5561
-11.2465; 23.9606
-11.2841; 22.9499
-11.1606; 22.6289
-10.9315; 22.1166
-11.1273; 21.856
-11.2609; 20.9603
-11.1365; 20.7386
-10.5777; 19.4031
-10.841; 18.7155
-10.4011; 18.0796
-10.2551; 18.0679
-10.3262; 17.5282
-10.4667; 16.8642
-10.2401; 16.376
-10.7191; 15.3935
-10.434; 14.7479
-10.2726; 13.9179
-10.2663; 13.4448
-10.0424; 11.9107
-10.2346; 12.2206
-10.0357; 11.0486
-10.1663; 10.586
-9.8045; 9.77975
-10.0766; 9.46329
-9.76042; 8.70946
-9.77639; 8.62107
-9.77037; 7.85777
-9.74417; 6.35979
-10.7428; 6.46309
-10.7449; 5.32567
-9.98369; 4.06223
-9.76051; 4.03083
-9.10863; 3.83172
-9.19555; 3.18398
-9.66481; 2.11054
-9.61873; 1.66451
-9.49126; 1.11483
-8.94538; 0.815155
-9.06039; 0.116421
-9.13431; -0.586797
-9.63536; -1.05244
-9.59804; -1.82747
-9.11355; -2.06165
-9.19224; -2.40415
-9.0949; -3.64132
-9.44298; -4.22248
-9.36528; -4.65158
-8.8534; -4.80931
-9.00634; -5.06154
-9.24878; -5.29757
-8.66246; -5.71469
-8.28744; -5.89486
-8.57701; -6.7
-8.66911; -7.40347
-9.09018; -8.16276
-8.95398; -8.4981
-8.12172; -8.44357
-7.95681; -8.56676
-8.22941; -8.94791
-8.40524; -9.41034
-8.43118; -9.84117
-8.50995; -10.3935
-8.85088; -10.38
-8.65496; -10.6533
-8.99108; -10.7948
-8.54816; -10.6972
-8.45487; -10.77
-8.23081; -11.1506
-8.19789; -11.6129
-8.5512; -11.691
-8.32403; -11.5952
-8.20534; -11.8002
-8.19691; -11.4477
-8.247; -11.2642
-8.69188; -11.3545
-8.43114; -11.2136
-8.53353; -11.3252
-8.35705; -11.7299
-8.56006; -11.8742
-8.86933; -11.9625
-8.28962; -11.4918
-8.49838; -11.6781
-8.20535; -11.4592
-8.10474; -11.3141
-8.54814; -11.2102
-8.16329; -11.4023
-8.48964; -11.4394
-8.46597; -11.5438
-8.44852; -11.4069
-8.34843; -11.2046
-8.75952; -11.307
-8.54814; -11.324
-8.2908; -11.4595
-8.73692; -11.2967
-8.43982; -11.2817
-8.41591; -11.2141
-8.1551; -11.4722
-8.3398; -11.7066
-8.61547; -11.3336
-8.43113; -11.4979
-8.43113; -11.4411
-8.27996; -11.4557
-8.40052; -11.1571
-8.38988; -10.9521
-8.60662; -11.0947
-8.64216; -11.3104
-8.36572; -11.3415
-8.16353; -11.4837
-8.4159; -11.5
-8.21321; -11.446
-8.38987; -11.2946
-8.2555; -11.2185
-8.45724; -11.1329
-8.40721; -11.3743
-8.48965; -11.3257
-8.72352; -11.262
-8.1889; -11.5182
-8.42461; -11.5115
-8.4159; -11.4428
-8.74149; -11.2275
-8.66901; -11.1725
-8.16354; -11.1982
-8.08803; -11.0062
-8.38987; -11.1805
-8.4984; -10.995
-8.62436; -11.0598
-8.37261; -11.2721
-8.58345; -11.3692
-8.19691; -11.334
-8.70563; -11.0125
-8.55695; -11.0504
-8.21382; -11.3566
-8.30552; -10.864
-8.29698; -11.3082
-8.78193; -11.4875
-8.46596; -11.8855
-8.44851; -11.5777
-8.22298; -11.6793
-8.29698; -11.3082
-8.5306; -10.9606
-8.34685; -10.7269
-8.76859; -10.8032
-8.746; -10.9634
-8.51594; -10.7309
-9.01547; -10.2842
-8.40521; -10.5545
-8.29822; -10.8162
-8.52763; -11.3377
-8.43335; -11.3512
-8.72351; -11.4893
-8.1383; -11.6199
-8.42895; -11.3039
-8.16353; -11.3125
-8.60662; -11.2654
-8.40721; -11.3743
-8.37261; -11.1583
-8.31408; -10.7035
-8.40722; -10.8595
-8.84945; -10.7568
-8.4984; -10.8237
-8.61548; -11.0488
-8.28962; -11.3777
-8.30679; -11.572
-8.80001; -11.6241
-8.16329; -11.4023
-8.20536; -11.1743
-8.33269; -11.2625
-8.23081; -11.2078
-8.62437; -10.7741
-8.71457; -10.7957
-8.83128; -10.7924
-8.43115; -10.8146
-8.50993; -11.0851
-8.61548; -11.1628
-8.47221; -11.4167
-8.23008; -11.1851
-7.82892; -11.4346
-8.38307; -11.479
-8.36571; -11.5703
-8.71456; -11.1372
-8.44211; -10.9607
-8.38124; -10.827
-8.75954; -10.7351
-8.52474; -10.6269
-9.01545; -10.741
-8.55695; -10.8221
-8.3744; -11.1235
-8.43982; -11.1678
-8.16329; -11.1755
-8.31406; -11.0459
-8.36572; -11.2843
-8.25641; -11.4708
-8.53353; -11.4965
-8.36401; -11.0333
-8.39468; -10.4695
-8.45725; -11.0186
-8.29945; -11.2983
-8.48613; -10.9004
-8.34843; -11.0902
-8.34684; -11.1818
-8.33122; -10.8966
-8.15512; -11.0728
-8.16353; -11.4266
-8.29698; -11.3082
-8.19691; -11.4477
-8.31405; -11.6149
-8.1383; -11.6199
-8.247; -11.4347
-8.46597; -11.3155
-8.43115; -10.8716
-8.02106; -11.2249
-8.26499; -11.3103
-8.45725; -10.9042
-8.71885; -11.1596
-8.80004; -10.8263
-8.03763; -10.9616
-8.15512; -11.0157
-8.38987; -11.1805
-8.5306; -11.188
-8.12159; -10.9718
-8.25551; -10.8764
-8.20593; -10.9096
-8.18045; -10.7045
-8.45488; -10.5993
-8.57461; -10.7865
-8.57462; -10.4427
-8.4773; -10.6003
-8.67802; -10.3783
-8.50719; -9.97447
-8.76421; -9.82857
-8.33126; -9.57579
-8.45729; -9.23604
-8.20542; -8.99181
-8.8988; -8.44691
-8.38807; -7.89583
-8.76837; -7.51842
-8.0316; -6.81289
-8.31022; -6.45846
-8.51635; -5.90691
-8.68871; -5.55918
-8.75057; -5.48229
-8.63857; -5.46521
-8.95722; -5.7116
-9.0368; -5.27879
-8.43331; -4.45325
-8.77696; -3.8733
-8.25208; -3.4463
-8.80678; -2.56158
-8.66738; -2.41619
-9.28079; -2.61336
-9.3659; -2.52003
-8.96647; -2.18706
-9.45271; -1.81124
-9.02655; -1.67061
-8.75488; -1.08998
-8.59327; -1.3787
-8.86094; -1.21915
-9.53989; -0.943604
-9.376; -0.6417
-8.47715; -0.399479
-8.47961; -0.114948
-9.14364; -0.293703
-9.25832; -0.886283
-9.51096; -0.414189
-9.72101; 0.815862
-9.11296; 1.83726
-9.72145; 2.33589
-9.26805; 3.48422
-8.8572; 2.62722
-11.0625; 2.10172
-9.90139; 2.07636
-9.51005; 2.66958
-8.52512; 2.3359
-9.12206; 2.58534
-9.26208; 2.49237
-9.58666; 2.84861
-9.24344; 3.12259
-9.12206; 2.75744
-8.97557; 3.24188
-8.93381; 3.44012
-9.19555; 3.12621
-9.35703; 2.44383
-9.35637; 2.10807
-9.38598; 2.37818
-9.16604; 2.38211
-9.13634; 2.33145
-9.09027; 2.55149
-9.29957; 2.85099
-9.20483; 2.66645
-9.29855; 2.98557
-9.26083; 3.14816
-9.24209; 3.25798
-9.1939; 3.31989
-9.34826; 3.52176
-9.19554; 4.10742
-8.8646; 4.09029
-8.89136; 4.27522
-9.14226; 4.79817
-9.48121; 4.59405
-9.2234; 4.58203
-9.41415; 4.26801
-9.63533; 4.72578
-9.59552; 4.50559
-9.45275; 4.23257
-9.43352; 4.59811
-9.20481; 4.39995
-9.11783; 4.58808
-9.21561; 4.72154
-9.10165; 4.55099
-9.20639; 4.3158
-9.17706; 4.27184
-8.99377; 4.35373
-9.24207; 4.35964
-9.29015; 4.12316
-9.15678; 4.0007
-8.88783; 4.18571
-9.31841; 3.96137
-9.26206; 4.11084
-9.22341; 4.35094
-9.28077; 4.35024
-9.28077; 4.29245
-8.95754; 4.2788
-9.06283; 4.21567
-9.09025; 4.22827
-9.06954; 4.014
-8.66631; 4.07644
-9.01476; 4.04767
-9.19554; 4.10742
-9.14754; 4.22759
-9.26206; 4.28391
-9.01838; 4.33556
-9.13632; 4.53932
-9.12707; 4.47688
-9.10862; 4.41015
-9.17529; 4.18238
-9.04865; 4.14721
-8.97562; 4.05638
-8.67996; 3.93998
-9.00287; 4.30019
-8.7022; 4.49851
-9.06283; 4.2732
-8.64507; 4.15436
-8.67996; 4.05548
-8.52499; 4.00755
-8.4992; 3.99555
-8.71972; 4.44991
-8.52499; 4.2969
-8.55655; 4.11036
-8.73282; 4.31218
-8.18778; 4.53676
-8.05602; 4.23975
-8.40139; 4.35168
-8.81641; 4.72674
-8.40789; 4.7844
-8.37598; 4.45391
-8.73731; 4.6894
-8.38443; 4.22761
-7.84133; 4.36666
-7.71007; 4.41699
-7.61376; 4.68346
-7.78845; 4.59134
-8.52217; 4.89769
-9.0811; 4.05106
-9.19555; 3.70365
-8.97562; 3.88308
-7.37306; 4.11047
-6.79299; 4.71621
-6.6604; 5.06149
-5.37798; 3.99369
-5.56392; 5.0883
-6.76712; 4.77836
-6.49782; 5.22024
-5.66269; 5.33729
-5.0477; 5.68265
-5.04243; 5.43921
-4.88877; 5.52875
-4.4395; 6.06806
-4.65333; 5.35697
-5.04752; 5.94666
-4.05752; 5.11039
-4.41221; 5.44927
-4.33141; 5.36417
-4.29941; 5.04722
-4.96196; 5.06199
-3.57992; 5.57952
-4.488; 4.93699
-3.26557; 5.30993
-2.34686; 5.90322
-2.0601; 5.80596
-3.40711; 5.35178
-5.25639; 5.34757
-6.75575; 4.65168
-5.60721; 3.22857
-4.71413; 3.86846
-3.48857; 4.45606
-2.31138; 4.72632
-3.056; 5.38828
-3.75266; 4.77735
-3.93324; 4.78595
-4.16921; 4.21658
-3.7908; 4.36238
-3.09096; 3.77057
-3.71898; 4.45069
-2.32074; 3.64924
-2.39811; 3.96984
-2.14903; 3.24835
-2.44159; 3.54053
-2.26278; 4.05359
-2.82783; 3.57199
-2.83639; 4.04362
-2.44753; 3.58017
-2.25366; 3.74978
-2.23881; 4.05739
-1.86451; 4.18695
-1.62005; 3.81255
-1.39293; 3.76673
-1.68127; 3.7047
-1.39012; 3.47071
-0.756143; 3.13767
-0.700116; 2.79817
-1.21273; 3.17272
-0.916653; 2.80489
-0.688204; 2.92226
-0.752325; 2.66009
-0.116573; 2.5629
0.579896; 2.60769
1.1017; 3.07005
0.875121; 2.97263
0.811828; 3.01249
0.932503; 2.85331
1.16203; 2.43862
1.04798; 2.38555
0.115632; 2.36911
-0.458815; 2.40734
-0.466758; 1.86635
-0; 1.76239
0.46771; 2.10373
1.16085; 2.43615
1.37621; 3.20749
1.16085; 2.95734
0.978827; 2.76147
0.925911; 2.89089
1.1632; 2.84731
1.55751; 2.99654
1.92862; 3.03562
1.91495; 3.1877
1.97094; 2.95321
1.963; 3.11402
2.36911; 3.2315
2.76465; 3.27817
2.7786; 3.1793
2.76465; 3.10598
2.70986; 3.39649
2.20706; 3.01665
2.5577; 2.96099
3.47874; 2.9525
4.27906; 3.34694
4.10206; 3.40185
3.65222; 3.29851
3.34278; 3.16486
3.12213; 2.94462
3.81407; 3.00006
3.92534; 3.34167
4.34104; 3.35005
4.77329; 3.13662
4.84104; 3.1427
4.73937; 2.91967
5.289; 2.95733
5.71058; 3.5658
5.38279; 3.06019
5.05264; 3.3024
4.93498; 3.03473
4.60141; 2.87039
4.85584; 2.686
5.57782; 2.72445
5.83224; 3.19887
5.03736; 3.06187
4.78756; 2.8783
4.94486; 2.98351
5.09904; 2.69051
5.79785; 2.86237
6.61512; 3.23887
6.96697; 3.41295
7.49585; 3.10176
7.49585; 3.2164
7.02526; 3.21327
5.62505; 3.0344
4.80203; 2.25258
5.52567; 1.97376
6.64471; 2.28696
7.72281; 2.58432
8.23636; 3.17591
9.28408; 3.64683
9.13117; 3.96447
7.25318; 3.8408
6.27106; 3.80642
5.98814; 2.67359
6.43603; 2.77513
7.27006; 2.80443
7.76249; 3.06894
8.23712; 3.0826
8.78115; 3.39118
9.23554; 3.61597
8.05656; 3.63464
7.06858; 4.25667
6.087; 2.6919
6.64864; 2.55869
7.74657; 2.8275
8.56834; 3.32897
9.20481; 3.8806
8.94854; 3.69863
8.29239; 3.78193
7.65913; 3.55523
7.68986; 3.39708
8.39291; 3.24877
8.87885; 3.48649
9.33888; 3.57579
9.46231; 3.34786
9.21411; 3.59538
8.46505; 3.17406
8.5051; 3.39711
8.26862; 3.22343
8.84307; 3.41485
10.008; 3.31535
10.8767; 3.77276
10.687; 3.69061
9.32952; 3.28482
8.96962; 3.28146
9.59472; 3.16093
10.5167; 3.00169
10.6698; 3.60901
10.5878; 3.50485
10.0882; 3.2266
9.69989; 2.71486
9.44323; 2.89893
10.008; 2.90895
10.7517; 2.95999
10.6232; 3.03169
10.9338; 2.61338
10.8658; 2.90095
10.7625; 2.6729
10.6623; 3.00951
11.0368; 2.89928
11.799; 3.01317
12.4029; 3.24722
12.5975; 3.45101
12.5288; 3.56304
12.7279; 3.95292
12.9516; 3.72112
12.3972; 3.97835
12.1028; 3.40353
11.9539; 3.73925
12.1471; 3.22699
12.3835; 2.96727
12.4721; 3.59704
12.1868; 3.72076
12.3602; 3.45062
12.6479; 3.40696
12.9074; 3.48619
13.9663; 3.96932
14.8427; 4.46295
15.5271; 4.64286
14.6473; 4.23
13.3764; 3.87226
13.0723; 3.56637
13.4572; 3.19912
13.0078; 3.11797
13.5052; 2.2492
12.6996; 2.60216
13.1888; 2.64878
13.687; 2.57774
13.7783; 3.18667
12.5608; 3.06789
14.7882; 2.51381
14.6524; 3.92033
14.5552; 3.92614
15.2908; 3.5984
15.3859; 3.3806
15.1195; 3.77364
16.5467; 3.464
16.6338; 3.29935
16.8453; 2.76513
17.049; 3.36706
17.6981; 3.82186
18.0378; 4.52148
18.1941; 5.04397
17.7487; 4.49295
17.1711; 4.64288
16.5804; 4.10863
16.4187; 2.81175
16.337; 2.50026
15.5463; 1.54118
15.5337; 1.37831
15.8058; 1.37498
15.7424; 1.71359
15.8893; 2.09836
16.0558; 2.12338
16.5862; 2.63974
17.0028; 3.27937
16.8848; 2.56291
16.5955; 2.79171
16.0792; 2.63342
16.4157; 2.49398
16.4123; 2.87814
16.3863; 2.92071
16.0791; 3.03346
15.7941; 2.83837
15.7454; 2.85102
16.0014; 2.85342
16.3764; 2.49711
16.2787; 2.42497
16.2694; 2.41495
15.728; 2.16748
16.0659; 2.3391
16.2372; 2.63955
16.1342; 3.03262
15.9613; 2.72044
15.1147; 3.02077
16.0428; 1.29958
13.5047; 3.34121
16.4376; 4.99348
17.3109; 4.65455
16.683; 4.06285
16.3764; 3.13476
15.6286; 3.19025
15.3315; 2.95755
15.4778; 3.1702
16.001; 3.75505
16.1604; 3.76388
16.2232; 3.46306
15.7086; 3.38584
16.0801; 3.3433
16.1269; 3.04221
16.2232; 3.2327
16.5125; 3.15058
15.8505; 3.10378
15.9136; 3.23095
15.6242; 3.09494
15.8257; 3.36514
15.8744; 4.12616
16.1981; 3.44545
15.6444; 2.99518
15.9533; 3.34193
16.2323; 2.49368
16.0811; 2.67227
15.8099; 3.13049
15.4838; 3.70296
15.9454; 3.98651
16.4089; 3.82621
16.2372; 4.12724
15.7086; 3.6148
15.8014; 2.96637
15.7771; 2.62375
16.2441; 3.48738
16.3408; 3.56486
15.9296; 3.15333
15.8893; 2.97134
15.4396; 3.03616
13.4548; 2.57101
15.0252; 2.38684
14.1348; 2.84249
13.1379; 2.92466
13.9637; 2.33294
14.8265; 2.412
16.6992; 3.2178
16.8276; 3.95887
17.7271; 4.75221
19.4432; 4.45471
20.415; 5.0436
19.7838; 4.31404
20.8193; 5.04983
19.6054; 5.17885
18.0489; 4.53942
17.7341; 3.21008
20.2983; 3.92153
20.8467; 4.20901
20.6438; 4.26299
20.6028; 3.93476
19.5069; 4.3581
18.8172; 3.85156
18.8759; 3.65582
18.7869; 3.39355
18.5652; 3.70209
18.3056; 3.44309
17.4819; 3.24189
18.9293; 3.5853
20.0437; 4.30972
20.9591; 4.46879
19.9636; 4.53982
19.1017; 4.09632
18.9652; 3.81107
19.2217; 3.8709
19.4495; 4.40278
19.3035; 4.39743
19.1601; 4.3489
19.0388; 4.10139
18.816; 3.95364
19.0517; 3.78093
19.0934; 3.92736
18.9341; 3.79457
18.6938; 3.50466
18.7869; 3.9186
18.5825; 3.96037
18.6728; 3.92883
18.5447; 4.15785
18.8234; 4.02999
18.7987; 3.90516
18.7659; 4.12123
18.8717; 4.65162
18.6905; 4.43697
18.8184; 4.61052
18.5446; 4.61794
18.5091; 4.27524
15.5146; 2.95601
17.7648; 4.11316
18.6889; 4.06663
18.9261; 4.2498
19.29; 5.05675
19.5178; 5.48457
19.1882; 5.59758
18.7064; 5.13831
18.7314; 5.20082
18.6593; 5.01348
18.5639; 5.05697
18.6016; 5.31537
18.8209; 5.04396
18.3438; 5.74175
18.4713; 5.80062
18.5439; 5.72908
18.6167; 5.78961
18.6339; 5.87198
18.5622; 5.8484
18.233; 5.66702
18.4349; 5.37865
18.2318; 5.24043
18.398; 5.69787
18.7442; 5.73443
18.8209; 5.73531
18.801; 5.53968
18.5622; 5.67753
18.4711; 5.7075
18.526; 5.39934
18.7116; 5.52624
18.546; 5.37519
18.5647; 5.38037
18.27; 5.54505
18.5259; 5.74175
18.8584; 5.86156
18.5994; 5.76358
18.637; 5.79295
18.3423; 5.66001
18.7868; 5.60553
18.5081; 5.77275
18.6921; 5.84859
18.8976; 6.00744
18.5262; 5.81715
18.9356; 5.84491
18.8259; 6.04238
18.4164; 6.22318
18.6383; 6.40848
18.1408; 6.70976
18.4902; 6.63102
18.3612; 7.00961
18.3425; 7.19762
18.675; 7.14924
18.4904; 7.28757
18.4533; 7.56124
18.305; 7.74846
18.527; 8.05748
18.3434; 8.0947
18.4163; 8.37915
19.0009; 7.97597
18.0209; 9.4888
18.2082; 9.22918
18.3231; 8.35783
17.931; 9.29795
18.1014; 9.62913
18.1216; 9.91693
18.0262; 10.1094
18.2302; 10.5174
18.3602; 11.0314
18.4904; 11.3179
18.0208; 11.2727
18.0038; 11.5675
18.3236; 10.9194
17.9292; 11.5032
17.6086; 12.1609
18.0166; 12.4745
17.9795; 12.4504
18.1357; 12.8323
18.022; 13.443
18.9515; 13.7695
18.5059; 15.3179
18.0415; 14.97
16.8597; 12.9095
16.7172; 11.8383
17.3685; 12.4713
18.2252; 13.9683
18.5972; 15.6919
18.4878; 16.5083
18.251; 16.7025
17.9406; 16.129
17.791; 15.2272
17.0199; 15.3381
17.2006; 15.7432
17.8427; 16.2607
17.4974; 16.7348
17.8778; 17.122
17.8036; 17.443
17.8814; 17.7829
17.6623; 18.7039
17.8663; 18.5158
18.1622; 18.1488
17.6731; 18.844
17.857; 19.4609
17.6882; 19.8944
17.8979; 20.0739
17.6409; 20.2659
17.5709; 21.0142
17.83; 21.4671
17.4039; 21.7441
17.6271; 21.935
17.4766; 22.095
17.1338; 22.2637
17.3637; 22.56
17.8257; 22.7697
17.6646; 23.4608
17.624; 23.908
17.2918; 23.9529
16.8915; 24.3711
16.8182; 24.5938
17.2141; 25.0037
16.8751; 24.5987
17.7647; 24.8846
17.371; 25.0698
17.2251; 25.221
17.4725; 26.6206
17.7666; 26.7732
17.3022; 27.0828
16.7093; 27.5091
16.0615; 27.9353
17.0181; 27.7326
16.9849; 27.8008
17.143; 28.4148
17.336; 28.8154
17.3854; 29.2936
17.3358; 29.5493
17.2; 30.1702
17.3389; 30.8504
16.5557; 30.925
16.7026; 30.4928
16.5663; 30.9111
16.3486; 30.989
16.7217; 31.1115
16.5297; 31.2347
17.0602; 31.5351
16.9574; 31.8247
16.8119; 32.4646
16.9659; 32.3318
16.4889; 32.6999
16.7537; 32.425
16.9518; 32.4935
16.9016; 32.4843
16.8313; 32.7808
16.5202; 32.6643
16.3666; 32.9769
16.5767; 33.0313
16.7946; 33.4686
16.8841; 33.5371
17.1383; 33.3179
17.0889; 33.7811
16.5849; 33.8422
16.6756; 34.0465
16.1897; 33.9866
16.2286; 33.7126
16.2565; 33.7381
16.6229; 33.713
17.2443; 33.6502
16.8979; 34.2767
16.715; 34.2485
16.6554; 34.2557
16.3425; 34.1901
16.6953; 34.2227
16.7482; 34.1282
16.3857; 34.1058
16.53; 33.9352
16.6425; 34.1233
17.0326; 34.2634
16.8543; 34.4167
16.7084; 34.5373
16.5297; 34.6427
16.5819; 34.5564
16.8158; 34.4567
16.3414; 34.7232
16.3738; 34.1159
16.1422; 34.549
16.8543; 34.5578
17.1138; 34.7631
17.0625; 34.9539
16.8886; 34.6755
16.4878; 34.92
16.735; 35.0383
16.4406; 35.0545
16.5674; 35.1399
16.1829; 35.2745
16.3129; 35.5579
16.6276; 35.141
16.8093; 35.0808
17.1604; 35.497
16.9919; 35.2725
16.5419; 35.6108
16.5325; 35.785
16.5378; 35.937
16.6265; 35.913
16.253; 35.836
16.9881; 35.9899
16.6002; 35.6825
16.973; 36.083
16.9169; 36.5674
16.3652; 36.4151
16.3326; 36.7061
16.3043; 36.2735
16.4052; 36.4844
16.4742; 36.4746
16.4011; 36.2818
16.6119; 36.733
16.3243; 36.6304
16.7013; 36.4129
16.7682; 36.8096
16.449; 37.1095
16.3125; 36.8562
15.9902; 37.0046
16.2787; 36.6926
16.612; 36.5479
16.7218; 36.4776
16.3889; 36.6477
16.2841; 36.7486
16.8806; 37.17
16.1288; 36.8472
16.2091; 37.0727
16.8744; 37.0963
16.3444; 36.7094
16.4333; 37.0082
16.3009; 36.8522
16.4692; 37.0517
16.6058; 36.8046
16.4335; 36.6404
16.3075; 36.8482
16.247; 36.6562
16.3848; 36.7754
16.5782; 36.7885
16.8453; 36.7197
16.8102; 36.7752
16.3527; 36.6471
16.5226; 36.7559
16.1649; 36.3227
16.5353; 37.2199
16.5635; 36.822
16.515; 36.8188
16.5914; 36.6538
16.4615; 36.7031
16.5913; 36.9759
16.3243; 36.6304
16.5225; 36.848
16.4254; 36.9338
16.3645; 36.9721
16.9256; 36.7228
16.5504; 37.0013
16.2067; 37.0042
16.2582; 37.305
16.5225; 36.8939
16.619; 36.9915
16.8245; 36.7787
16.5912; 37.1586
16.2989; 37.0964
16.5149; 36.9111
16.4615; 36.795
16.5226; 36.5248
16.5301; 36.8311
16.1867; 36.9253
16.653; 37.0293
16.4334; 36.8247
16.5635; 36.8681
16.5765; 37.195
16.3727; 36.7718
16.2841; 36.7027
16.7428; 36.8223
16.2156; 36.7123
16.9405; 36.6802
16.3728; 36.5879
16.5021; 37.0898
16.543; 36.835
16.839; 36.69
16.2356; 36.561
16.2756; 36.857
16.5913; 36.8841
16.3444; 36.7555
16.584; 37.0392
16.1379; 36.7383
16.2556; 36.6861
16.6046; 36.9344
16.6046; 36.8883
16.8722; 36.736
16.7422; 36.6936
16.53; 36.9226
16.6595; 37.1908
16.393; 36.6207
16.6262; 36.5624
16.076; 36.3294
16.3929; 36.8506
16.4819; 36.69
16.3929; 36.7128
16.5781; 36.9712
16.284; 36.9316
16.3728; 36.5418
16.4051; 36.7162
16.4051; 36.7624
16.6046; 36.7959
16.5987; 36.5916
16.7012; 37.0321
16.3208; 36.7484
16.4818; 36.9654
16.4413; 36.808
16.4254; 37.1174
16.3848; 36.9594
16.3929; 36.7128
16.5986; 36.7296
16.4458; 36.9209
16.6119; 36.6868
16.2756; 36.673
16.6262; 36.5624
16.8389; 36.8284
16.4051; 36.9925
16.3526; 36.7389
16.3645; 37.0636
16.2468; 36.9788
16.6808; 36.5844
16.4537; 36.7657
16.5148; 37.1409
16.336; 37.0482
16.515; 36.7726
16.736; 36.9319
16.1378; 36.968
16.5781; 36.9712
16.1649; 36.5064
16.722; 36.7892
16.4741; 36.8909
16.8053; 36.9219
16.4971; 36.7489
16.4692; 36.8241
16.6118; 36.9631
16.4944; 37.0159
16.6324; 36.9043
16.6876; 36.6606
16.0966; 36.926
16.3443; 37.1218
16.722; 36.7892
16.6531; 36.6603
16.6252; 37.0598
16.4741; 36.6602
16.6466; 36.6411
16.8722; 36.7818
16.715; 36.6772
16.4818; 36.736
16.5279; 36.7763
16.6875; 36.7897
16.6459; 37.001
16.558; 36.48
16.3408; 36.7355
16.5782; 36.6968
16.4211; 36.8209
16.4896; 36.3974
16.543; 36.6966
16.4868; 36.6632
16.4051; 36.9006
16.2641; 36.6699
16.6201; 36.5442
16.4132; 36.6997
16.267; 36.8279
15.9605; 36.7373
16.4819; 36.459
16.7289; 36.4025
16.6537; 36.3492
16.4818; 36.736
16.477; 36.4875
16.5377; 36.355
16.8246; 36.5487
16.7289; 36.4489
16.6191; 36.5783
16.5376; 36.5854
16.4414; 36.3471
17.0032; 36.4555
16.6877; 36.5223
16.8389; 36.8284
16.0186; 36.1564
16.3159; 36.6928
16.2613; 36.3309
17.0461; 36.2892
16.7962; 36.4066
16.1758; 36.6925
16.1541; 36.4129
16.708; 36.3073
15.7296; 36.1918
16.4848; 36.1968
16.0482; 36.4661
16.3527; 36.5551
16.4049; 36.2056
16.4087; 35.8127
16.6948; 35.8067
16.7413; 35.72
16.334; 35.7431
16.2948; 35.8172
16.2196; 35.6552
16.4951; 35.3753
16.3145; 35.4809
15.9036; 34.6998
16.1615; 34.6745
16.1981; 34.5476
16.4515; 34.5191
16.5961; 34.2577
16.8007; 33.7504
16.0947; 34.3525
16.0621; 34.1958
17.4919; 33.195
16.8355; 33.1193
16.2459; 33.3444
16.7277; 32.2716
16.6895; 31.9043
16.306; 31.2933
16.6502; 30.5382
16.5491; 29.7739
16.7219; 30.0728
16.8862; 29.7616
16.5064; 29.4607
16.9248; 29.2146
17.0422; 28.7932
16.9008; 28.5108
17.3091; 28.1143
16.968; 27.4638
17.3133; 27.1196
16.9252; 27.0897
16.936; 26.5174
17.176; 26.2082
17.0867; 25.389
17.1806; 24.9845
16.9257; 24.6924
17.1056; 24.2602
17.1335; 24.0803
17.2745; 23.8038
17.6672; 23.7022
17.4371; 23.43
17.5923; 22.5687
17.3855; 22.199
17.7902; 21.7067
18.1046; 20.8699
17.6916; 20.6124
17.4041; 19.9741
17.4965; 19.6864
17.3235; 19.2038
17.8137; 18.7868
18.105; 18.2629
18.1857; 17.4988
18.0162; 16.6921
18.1063; 16.7072
17.593; 16.705
18.1679; 15.4358
18.1107; 15.6082
17.9055; 14.8277
18.1502; 14.8703
17.9222; 14.8887
18.0562; 14.2304
18.1119; 14.0456
18.1699; 13.3762
18.3593; 13.1792
17.9091; 13.3952
18.1142; 12.6592
18.246; 12.2086
17.6751; 12.3404
18.0443; 11.8181
18.1205; 11.6395
18.7509; 11.6639
18.4532; 11.3888
17.9537; 11.4818
18.1743; 10.8613
18.2682; 9.9042
18.2289; 9.66736
18.416; 9.03392
18.4161; 8.74678
18.0053; 8.72815
18.7668; 8.28341
18.8772; 7.87805
18.5634; 7.67973
18.4718; 7.33819
18.7285; 6.35754
19.0387; 6.22481
18.637; 6.42511
18.1598; 6.065
18.3981; 5.50692
18.5464; 5.15936
18.6564; 5.12296
18.4903; 5.59127
18.3257; 5.05176
18.4893; 4.40486
18.6345; 4.46744
19.1624; 4.01941
19.0388; 3.87105
18.3253; 4.03504
18.362; 2.88085
18.7976; 2.17772
19.4626; 2.20389
19.4593; 1.85025
18.7108; 0.872403
18.7987; 0.230071
18.6168; 0
19.5331; -0.52087
19.2243; -1.33486
18.7472; -2.03229
18.8788; -2.16284
19.4335; -2.33773
19.3095; -2.41096
18.8626; -2.23348
18.8058; -3.39683
19.2126; -3.91706
19.1404; -4.56947
19.638; -4.84626
19.6184; -4.72549
18.8544; -4.43268
18.953; -4.61308
19.6341; -4.83073
19.3589; -5.07093
19.3038; -4.84054
18.655; -4.8025
19.1954; -5.30988
18.8991; -5.79434
19.5093; -6.76389
19.2817; -6.49216
19.1225; -6.04326
19.4015; -6.48946
19.8031; -6.40466
19.5186; -6.64656
19.1982; -6.85587
19.186; -6.57581
19.0934; -6.56554
19.7439; -6.73165
19.4235; -7.44946
19.1957; -7.18076
19.1018; -7.28475
19.469; -6.80064
19.6379; -6.87318
19.968; -7.08926
19.7593; -7.34687
18.972; -7.34022
19.1619; -7.32921
19.4724; -7.39932
19.9131; -7.26425
19.3442; -7.26482
18.972; -7.39783
19.3678; -7.79981
19.3648; -7.89025
19.6337; -7.8875
19.1812; -7.97388
19.3065; -7.69496
19.4624; -7.44315
19.6226; -7.41223
19.9529; -7.56587
19.3588; -7.43815
18.9529; -7.56335
18.8786; -7.78837
19.0331; -7.8155
19.4464; -8.12035
19.1932; -7.79041
19.2789; -8.12709
19.3721; -7.85478
19.6576; -7.85927
19.515; -8.01555
19.3843; -7.78224
19.3173; -7.68616
19.0975; -7.81063
19.323; -7.85008
19.7012; -7.84172
19.5508; -7.8898
19.2871; -7.91767
18.9857; -7.61993
19.6221; -7.58142
19.4791; -7.33095
19.0656; -7.40956
19.0997; -7.8928
19.2704; -8.10818
19.8979; -7.856
19.515; -7.72661
19.1525; -7.92227
19.4851; -7.64565
19.3884; -7.66656
19.9578; -7.41691
19.5705; -7.83958
19.4398; -7.72183
19.1403; -7.7603
19.1572; -7.74292
19.5865; -7.70663
19.5347; -7.73401
19.3588; -7.3232
18.9529; -7.44831
19.3618; -7.80751
19.469; -7.31829
19.7877; -7.51607
19.3395; -7.66058
19.3945; -7.82994
19.5705; -8.07055
19.215; -7.88045
19.5902; -7.73138
19.2459; -7.64859
19.21; -7.31415
19.2318; -7.45981
19.4171; -7.45944
19.5865; -7.53351
19.4171; -7.51705
19.1932; -7.79041
19.1932; -7.73298
19.8535; -7.6446
19.5508; -7.77435
19.1764; -7.86541
18.915; -7.83574
19.5365; -7.67592
19.9281; -7.47736
20.0079; -7.67824
19.3037; -7.67043
18.8801; -7.87086
19.3648; -8.00564
19.3093; -8.12369
19.4561; -7.93502
19.129; -7.52453
19.1144; -7.56509
19.8581; -7.61155
19.7877; -7.74634
19.812; -7.66301
19.0028; -7.60305
19.1188; -7.90031
19.3065; -7.92522
19.6813; -7.94968
19.6024; -7.80442
19.323; -7.56276
19.3337; -7.72607
19.1932; -7.73298
19.6971; -7.52838
19.6773; -7.69405
19.0273; -7.62562
19.2678; -7.56528
19.4007; -7.82242
19.7965; -7.85403
19.6576; -7.85927
19.4885; -7.6126
18.926; -7.77669
19.7438; -7.42062
20.0533; -7.48632
19.4366; -7.58188
18.7107; -7.57513
19.0656; -7.81304
19.2564; -7.80506
19.9578; -7.64779
19.3288; -7.72704
19.3752; -7.65076
19.0891; -7.48683
19.6259; -7.66356
19.9476; -8.03741
19.121; -7.98309
19.3424; -7.85755
19.1144; -7.67922
19.4139; -7.83738
19.9226; -7.94634
19.1402; -7.87554
19.104; -8.11627
19.0082; -8.07763
19.1932; -8.19198
19.7523; -8.04421
19.469; -7.83475
19.3813; -7.75735
19.1572; -7.80042
19.5347; -7.67612
19.4334; -7.67259
19.5115; -7.98992
19.0656; -8.04326
19.2484; -8.18927
19.6418; -8.0497
19.4628; -7.87016
19.7127; -7.8566
19.4108; -7.8125
19.1693; -7.79073
19.6971; -7.93183
19.8075; -8.04146
19.4203; -8.00295
18.9563; -7.95887
19.2511; -7.92786
19.5436; -7.89689
19.8031; -7.78641
19.9178; -8.03594
19.2511; -8.50256
19.4723; -8.43388
19.7168; -8.45742
19.693; -8.36523
19.693; -8.07868
19.0235; -7.69153
19.2677; -8.08233
19.579; -8.00124
19.4398; -7.89514
19.1595; -7.88307
18.9005; -8.36561
19.2369; -8.0869
19.2292; -8.06698
19.4757; -7.76956
19.6733; -7.66953
19.3752; -7.70803
19.5523; -7.77267
19.0676; -8.12674
19.3346; -8.18395
19.2591; -8.29488
19.0138; -8.38697
19.0464; -7.80558
19.0028; -7.77375
19.7704; -7.53493
19.5595; -7.53575
19.0101; -7.46971
18.9965; -7.82563
19.1957; -8.10314
19.6809; -7.88851
19.7313; -7.29367
19.526; -7.94244
19.4234; -8.60621
19.1323; -8.57955
19.4464; -8.35245
19.3529; -7.61931
19.3251; -7.25802
19.5838; -7.34161
19.2381; -7.57634
19.5115; -8.16255
19.13; -8.08643
18.9614; -8.61855
18.6971; -8.12152
19.3065; -7.57973
19.6575; -7.74303
19.5068; -7.87866
19.8052; -7.75234
19.1572; -7.85791
19.6418; -8.0497
19.3874; -8.03908
19.5949; -7.81204
19.4751; -7.74351
19.1525; -7.97936
19.3483; -8.08147
18.9546; -8.22116
19.2705; -7.93544
19.1595; -7.94072
19.0464; -7.92061
19.4267; -8.11255
19.0484; -7.94599
19.3121; -7.68652
20.6952; -8.00154
19.6773; -7.17512
20.0029; -7.25238
18.9089; -7.39723
19.5452; -7.38448
18.9804; -7.2088
19.2381; -7.91644
19.3008; -8.04635
19.0848; -8.16607
19.1083; -8.16856
18.6988; -8.58287
18.9983; -8.49119
18.7341; -8.11103
19.121; -7.63768
19.4784; -7.14183
19.0459; -6.45125
19.1954; -6.16018
19.3545; -6.30398
19.6341; -6.79375
19.469; -6.85821
18.5814; -6.86427
19.2705; -6.89603
18.6032; -6.3622
18.8246; -6.71857
18.546; -6.53449
18.4534; -6.25518
18.7333; -5.81881
18.6571; -6.06743
19.3735; -5.57583
19.1161; -5.48187
18.778; -5.18203
18.5819; -5.79481
18.7342; -6.07182
18.546; -6.24513
18.2304; -5.97268
18.3787; -5.90205
18.4163; -5.91458
18.7117; -5.0634
19.193; -4.84018
18.9368; -5.20106
18.8124; -5.21575
18.5453; -5.74459
18.6782; -6.13234
18.4914; -6.11351
18.0787; -5.78847
17.9344; -5.55097
17.8625; -4.89262
18.7812; -5.00247
18.4712; -4.1861
18.6698; -4.84512
18.6705; -5.37214
18.4163; -5.66365
18.4161; -5.50226
18.5098; -5.72804
18.3607; -5.49134
18.5086; -5.57875
18.0834; -5.30847
18.4534; -4.68497
18.3253; -4.60915
18.2344; -4.6591
18.5433; -4.16243
18.6508; -3.92028
18.8505; -4.04995
18.581; -4.78423
18.5093; -5.10764
18.0983; -5.71681
17.9079; -5.40023
18.2284; -5.14921
18.1554; -4.87864
18.6; -4.28519
18.3088; -3.3567
18.5246; -3.00282
18.9031; -3.18528
18.4349; -3.04564
18.1238; -3.23712
18.0983; -3.66122
17.9295; -3.66472
17.9279; -3.55841
17.875; -2.94815
18.1796; -2.13262
18.3085; -0.857007
18.5062; -0.337818
18.6321; -0.340035
18.3444; -0.457962
17.9795; -0.92166
17.8049; -0.996006
18.0238; -1.00449
17.8169; -0.473803
17.6451; -0.23234
17.7692; -0.233921
17.8985; -0.351001
17.9959; 0
18.4893; 0.343909
18.3261; 1.20466
18.0178; 1.83469
17.9086; 2.17974
17.7622; 3.15912
17.5951; 3.68979
18.4711; 2.80372
17.7557; 3.82557
17.3611; 4.28108
17.9328; 2.87902
17.4278; 4.76559
17.8822; 4.76598
17.8388; 5.69444
17.5255; 6.01653
17.8715; 6.5223
18.0911; 6.83254
17.727; 6.9667
17.4848; 7.18312
17.5254; 7.49107
17.4644; 7.82495
17.8661; 7.32751
17.5167; 7.56226
17.537; 7.94374
17.7334; 8.11666
17.5545; 8.74606
17.6324; 9.65217
17.5975; 9.46614
17.7971; 9.25109
17.2812; 9.52167
17.0809; 9.92667
17.6625; 9.39202
17.2984; 9.75599
17.5812; 10.3294
17.5369; 9.69735
17.4931; 9.99745
17.1284; 10.7293
16.9296; 10.7409
17.409; 10.7596
17.4734; 11.5952
17.6322; 11.8226
17.8536; 11.9371
17.2677; 11.6002
17.4263; 11.6066
17.2008; 11.6006
16.7609; 11.0904
17.247; 10.8366
16.8131; 11.0106
16.8357; 10.7565
17.2181; 10.0938
17.3923; 10.3047
17.3361; 10.9334
17.243; 10.7132
17.6698; 10.589
17.3816; 10.5125
17.5894; 10.6256
17.4231; 10.6912
17.1281; 10.9214
17.7287; 10.7403
17.3782; 10.659
17.1154; 10.6283
17.085; 10.4908
17.2333; 10.5622
17.2431; 10.4891
17.1706; 10.7062
17.2048; 11.0622
17.1322; 11.1667
17.3607; 10.9878
16.2715; 10.8791
17.1024; 10.9592
17.5579; 9.98527
17.0329; 10.0599
16.7445; 10.2796
16.6038; 10.0694
16.7725; 10.5667
17.1542; 10.615
17.245; 10.6889
16.7385; 10.6034
16.8716; 10.7451
17.3263; 10.8978
17.1236; 11.0316
16.7376; 10.9425
16.9998; 10.4681
16.4648; 10.0807
16.5041; 9.77791
16.6137; 9.75757
16.3456; 9.83898
16.1321; 10.4181
16.3629; 10.3544
16.8379; 10.4444
16.9248; 10.6043
17.0383; 10.7358
16.7709; 10.293
16.3176; 10.2185
16.3136; 10.0988
16.267; 9.97296
16.2929; 10.024
16.1963; 9.92492
16.1925; 10.1194
15.9772; 10.455
16.1293; 10.8306
16.4219; 10.8597
16.1045; 10.3838
15.3321; 10.5658
15.9533; 10.4603
15.9209; 9.85004
15.7049; 10.0976
15.1374; 10.5337
15.8012; 10.4207
15.7396; 9.86026
16.173; 10.4091
16.2209; 10.3275
15.7552; 9.86961
15.5394; 9.97667
15.5394; 9.6955
15.351; 9.93448
15.9845; 9.99543
15.9062; 9.93327
15.9216; 9.73592
14.9869; 9.48284
14.6962; 9.0734
14.961; 8.65831
15.1493; 8.87797
11.2982; 10.2904
16.2239; 9.16518
15.2299; 7.90434
12.1157; 8.51789
11.7881; 7.0363
11.3826; 6.70455
11.7782; 6.58403
11.3697; 7.28715
11.0289; 7.30897
11.5859; 8.02662
11.5333; 8.22002
10.9936; 8.47577
11.1463; 8.86113
11.9373; 8.9917
12.2096; 9.21382
12.6166; 10.0356
13.0115; 10.3875
13.5088; 10.4637
9.97436; 11.2765
14.5586; 9.66041
13.1581; 9.3954
12.287; 9.63915
12.2899; 9.02696
11.5829; 9.42038
12.4258; 8.70479
12.07; 9.19957
11.8226; 9.38771
12.5848; 10.0218
12.8425; 10.1391
12.6409; 10.2983
12.8683; 9.99001
12.5286; 9.98184
13.3108; 10.0389
13.6848; 10.4263
14.5629; 11.0106
13.3436; 11.55
15.5055; 9.73563
14.7986; 11.1202
13.6083; 10.4622
12.386; 11.1193
13.2238; 10.1136
11.5356; 9.41469
12.3389; 9.32589
11.5321; 9.63262
6.81352; 7.97051
9.94754; 7.36794
4.4423; 8.19361
5.57215; 7.2182
5.37246; 8.16996
3.16656; 6.59918
1.94647; 6.2265
1.31828; 4.84172
1.36533; 6.32538
-2.83292; 7.27609
3.42242; 5.64495
3.56044; 8.20356
3.23049; 7.39108
4.60406; 7.69624
0.531589; 8.73248
1.73393; 8.99826
2.37386; 9.1255
1.92993; 8.95013
2.532; 8.67722
4.65953; 8.35409
7.05039; 8.06102
3.71156; 7.43307
4.65656; 7.46705
1.34978; 7.03666
2.06282; 7.66087
-0; 6.96517
3.77872; 7.56673
1.60266; 7.61114
0.94792; 8.35282
0.653755; 8.20445
1.43807; 8.38744
2.61357; 7.73007
3.92234; 7.4941
2.02333; 7.59732
1.40264; 7.80542
2.10592; 8.64803
1.96298; 8.31118
1.51048; 7.85062
-1.60766; 7.45906
0.115398; 6.71987
-0.862817; 6.7558
-1.1088; 8.19758
-1.15677; 6.85225
-2.72365; 6.63784
0.185421; 7.19343
1.33929; 7.20549
0.889608; 7.13876
-0.520852; 7.19594
-2.36909; 7.69415
-1.00606; 7.22709
-1.48194; 7.42408
1.84185; 8.14259
-0.575812; 7.55654
-0.477947; 7.77823
1.24794; 6.80133
0.581069; 6.82409
-3.33844; 7.05437
-2.13424; 7.01797
-0.527782; 7.23295
0.0590673; 7.69134
-1.51663; 7.30911
-1.92077; 7.46459
-0; 7.813
-1.68809; 7.46554
-0.51616; 7.47033
-2.31604; 7.59609
-2.09099; 7.10603
-2.06433; 7.50478
-1.41733; 7.22458
-1.64664; 7.59925
-1.92468; 7.53693
-1.51817; 7.7755
-1.286; 7.61189
-0.933445; 7.65478
-1.23008; 7.62744
-0.927778; 7.55188
-1.03431; 7.37125
-1.54333; 7.31961
-1.34307; 6.97211
-0.973927; 7.1804
-0.585821; 7.62878
-2.99701; 7.80012
-2.08676; 7.20592
0.118624; 7.1396
-1.64159; 7.5762
-0.0571809; 7.16724
-0.865421; 7.91099
-0.63917; 7.73876
-0.699399; 7.59027
-0.872451; 6.94517
-0.527243; 7.16797
-0.935351; 7.03772
-0.757676; 7.41831
-0.635946; 7.35927
-0.744797; 7.29359
-0.973927; 6.84179
0.341378; 7.2439
-1.06529; 7.58947
-1.01029; 7.21167
-0.828594; 7.18254
-0.819285; 7.10269
-1.10617; 7.52459
-0.467229; 7.89258
-0.990766; 7.5897
-0.99583; 7.68557
-0.465332; 7.63249
-0.579306; 7.43103
-0.174858; 7.59079
-0.582841; 7.76217
-0.757676; 7.59017
-0.699399; 7.59027
-0.465805; 7.18211
-0.115865; 7.26044
-0.0583455; 7.25423
0.285902; 7.2797
-0.69586; 7.49531
-0.469142; 7.40609
-0.351142; 7.10327
-0.464861; 7.22489
-0.581658; 7.23201
-0.700825; 7.37592
-0.820122; 7.3981
-0.704414; 7.81697
-0.750046; 7.62801
-0.754606; 7.21726
-0.406755; 7.39644
-0.291428; 7.76247
-0.464389; 7.50312
-0; 7.43885
-0.174326; 7.22509
-0.465805; 7.29671
-0.410082; 7.22576
-0.466754; 7.31141
-0.409663; 7.27605
-0.408412; 7.54094
-0.175214; 7.26152
-0.290542; 7.39653
-0.174503; 7.23235
-0; 7.53355
-0.520326; 7.47312
-0.233381; 7.25418
-0.23267; 7.23232
-0.292619; 7.10331
-0.406755; 7.05331
-0.174503; 7.11782
-0.406343; 6.93186
-0.116218; 7.22511
-0.116335; 7.34683
-0; 7.52598
-0; 7.16045
-0.115982; 7.21063
-0.29382; 7.13216
-0.587022; 7.29798
-0.233857; 7.44134
-0.350425; 7.49119
-0.406755; 7.6249
-0.350783; 7.32627
-0.117288; 7.57926
-0.234575; 7.2332
-0.0581088; 7.56799
-0.116336; 7.23236
-0.1161; 7.27499
-0.116454; 7.35421
-0.234096; 7.04571
-0.173973; 7.03932
-0; 7.26772
-0.116218; 7.1107
-0.117048; 7.44891
-0.350426; 7.08894
-0.231964; 7.21059
0.0582269; 7.06767
-0.292918; 7.22585
0.116454; 7.41148
-0.116929; 7.26887
-0.0576992; 7.51526
-0.173973; 7.21062
-0; 7.13219
-0; 7.28359
-0.585223; 7.27585
-0.28966; 7.43131
-0.404703; 7.24577
-0; 7.48836
-0; 7.60612
-0.23267; 7.28956
-0.233619; 7.37641
-0.348649; 7.16779
-0.291725; 7.54104
-0.407168; 7.2322
-0.116572; 7.30427
-0; 7.38921
-0.233381; 7.31159
0.0581678; 7.23238
0.116336; 7.06056
0.115865; 7.08935
-0.116218; 7.05347
-0.233619; 7.03149
-0.0585841; 7.22594
-0; 7.26155
0.0581678; 7.00327
-0; 6.99728
-0.174858; 7.36159
-0; 7.19682
-0.175752; 7.05287
-0.0584646; 7.03865
-0.292023; 7.20398
-0.058405; 7.08907
-0; 7.22432
0.116929; 7.21133
0.0584646; 7.26888
-0; 7.31014
-0; 7.10358
0.1161; 6.93202
-0; 6.86583
-0; 7.1178
-0.468663; 7.28335
-0.0577574; 7.12501
-0.349357; 7.41136
0.116217; 7.45375
-0.0579912; 6.92508
-0; 7.13926
0.116218; 7.22511
-0; 7.22512
0.232434; 7.16787
-0.0582862; 7.01738
-0.233619; 6.97395
-0.174503; 7.28958
0.116929; 7.09622
0.0583455; 7.02446
-0; 6.85889
0.0584646; 7.03865
-0.117049; 7.10339
-0; 7.16827
-0; 7.25424
-0.232434; 7.28224
-0; 7.29695
0.116217; 7.33946
0.116336; 7.23236
-0; 7.28962
-0.233857; 7.21129
-0; 7.03155
-0; 6.91123
-0.0583455; 7.08192
0.116572; 7.18956
-0; 7.23326
-0; 7.02446
-0; 7.23965
0.233381; 7.25418
0.234096; 7.27617
-0; 7.13926
0.28966; 7.26036
-0; 7.41658
0.117049; 6.9881
-0; 7.03155
-0; 6.95996
0.116218; 7.1107
0.115398; 7.17471
0.175036; 7.42639
-0.232434; 7.05343
-0.176112; 7.29832
-0; 7.23326
-0.17468; 7.01029
0.233381; 7.25418
0.116218; 7.22511
0.0582269; 7.35422
-0.0583456; 6.96698
0.0579912; 7.09646
0.0585842; 6.93747
-0.117408; 7.00937
0.116691; 6.85196
0.0584646; 7.21135
0.175752; 6.93744
0.175752; 6.8797
0.11765; 6.5596
-0; 6.75434
-0.117649; 6.9077
-0; 6.92179
0.176474; 7.25527
-0; 7.41384
-0; 7.52926
-0.175572; 7.62144
0.117649; 8.00651
-0.058584; 8.54795
-0; 8.59993
-0.411342; 8.68853
-0.414317; 8.92376
-0; 9.49126
-0; 9.6343
0.176291; 9.89056
-0; 10.3822
-0.234813; 10.8462
-0.117527; 11.0271
-0.357714; 11.3556
-0.415601; 11.7087
-0.715399; 11.9839
-0.475955; 12.1309
-0.295939; 12.9166
-0.355124; 13.5895
-0; 13.7985
-0.534333; 14.0217
-0.417326; 14.414
-0.481955; 14.8409
-0.599912; 15.2289
-0.595545; 15.8974
-0.781498; 16.2057
-0.719878; 16.3948
-0.604337; 16.6207
-0.970978; 16.7971
-0.603699; 16.9362
-0.664762; 17.3392
-0.907413; 17.7953
-0.603695; 17.816
-0.666164; 18.2519
-0.669702; 18.5615
-0.971996; 18.7418
-0.851417; 18.9243
-0.927978; 19.4474
-0.736835; 19.6951
-0.806875; 20.2201
-1.04715; 20.3501
-1.40903; 20.5168
-0.80166; 20.9653
-1.12937; 21.1892
-1.50732; 21.2074
-1.26311; 21.3159
-1.0139; 21.6561
-1.01727; 22.05
-0.890131; 22.4864
-1.01613; 23.111
-1.01276; 23.5231
-1.27149; 24.3572
-1.14819; 24.9041
-1.29153; 25.6479
-1.35152; 25.7289
-1.42384; 26.1683
-2.01044; 26.4211
-1.38096; 27.2643
-1.04386; 27.4931
-1.44502; 28.1126
-1.31823; 28.8575
-1.3873; 29.1652
-1.60199; 30.1719
-1.79375; 30.401
-2.13305; 31.0246
-1.74964; 31.7081
-2.16832; 32.1269
-1.6343; 32.4033
-1.90197; 32.8683
-1.91787; 33.0381
-2.06212; 33.7047
-2.19946; 33.8922
-2.22342; 34.9344
-2.27626; 35.1095
-2.15137; 35.6432
-2.36792; 36.0124
-1.93862; 36.1721
-1.67601; 36.4536
-2.3266; 36.7115
-2.27574; 37.2221
-2.56301; 37.6543
-2.62108; 37.6934
-2.13625; 38.1064
-2.20739; 38.2371
-2.74952; 38.6364
-2.6083; 38.8512
-2.82532; 38.8022
-2.46982; 38.8812
-2.47295; 38.9167
-2.44054; 39.3404
-2.84327; 39.0236
-2.97656; 39.7748
-2.74297; 40.0205
-2.70454; 39.4052
-2.27806; 39.906
-2.65522; 39.9202
-2.67241; 39.9716
-3.06273; 40.1892
-2.69685; 40.0973
-2.83164; 40.0342
-2.90601; 40.2935
-2.91359; 40.1931
-2.68632; 40.0745
-2.66026; 40.508
-2.92886; 40.2095
-2.71099; 40.5074
-2.90978; 40.46
-2.8025; 39.9601
-2.39756; 40.2351
-3.09499; 40.2222
-2.439; 40.5442
-2.77891; 40.0816
-2.6358; 40.422
-2.48539; 40.2941
-2.69332; 40.1917
-2.94428; 40.2701
-2.86891; 40.3159
-2.62891; 40.1729
-2.72892; 40.4753
-2.9098; 40.1563
-2.55054; 40.3561
-2.46275; 39.9481
-2.65675; 40.4266
-2.71102; 40.1574
-2.8539; 40.0357
-2.72174; 40.2688
-2.54391; 40.02
-2.88409; 40.5529
-2.57752; 40.5226
-2.56735; 40.3668
-2.88792; 40.5026
-2.62547; 40.2235
-2.45954; 40.13
-2.84641; 40.3992
-2.95203; 40.6073
-2.65323; 40.4332
-2.81578; 40.3657
-2.62204; 40.1428
-2.48538; 40.4689
-2.56734; 40.4544
-2.48865; 40.3751
-2.95985; 40.551
-2.70745; 40.252
-2.58094; 40.4723
-2.56397; 40.3296
-2.70745; 40.2958
-2.57074; 40.3163
-2.66027; 40.376
-2.76081; 40.2035
-2.27162; 40.4477
-2.69332; 40.1917
-2.63928; 40.3279
-2.64623; 40.4024
-2.49192; 40.4997
-2.64623; 40.49
-2.79721; 40.4864
-2.72171; 40.6191
-2.49193; 40.3685
-2.69683; 40.3158
-2.57073; 40.4479
-2.86515; 40.1908
-2.71102; 40.1133
-2.63235; 40.2537
-2.25377; 40.2684
-2.72892; 40.4753
-2.85761; 40.4667
-2.48538; 40.3816
-3.10723; 40.5534
-2.47564; 40.0953
-2.57413; 40.3975
-2.84643; 40.0937
-2.47888; 40.22
-2.57074; 40.2282
-2.57413; 40.3096
-2.57412; 40.529
-2.69332; 40.1917
-2.6289; 40.3914
-2.86136; 40.4603
-2.48866; 40.2874
-2.78621; 40.1556
-2.18731; 40.3373
-1.87599; 39.9746
-2.89944; 40.6592
-2.41016; 40.3832
-2.71814; 40.4509
-2.63926; 40.5464
-2.71458; 40.2384
-2.56398; 40.2419
-2.73616; 40.5063
-2.71102; 40.1574
-2.55389; 40.2621
-2.7789; 40.257
-2.56396; 40.4608
-2.42609; 40.5259
-2.86513; 40.4538
-2.64274; 40.4527
-2.49522; 40.3179
-2.56735; 40.279
-2.63236; 40.2099
-2.69331; 40.3224
-2.86512; 40.5845
-2.70745; 40.252
-2.6358; 40.422
-2.55725; 40.2554
-2.66025; 40.6396
-2.46596; 39.9848
-2.85014; 40.3055
-1.8809; 40.3558
-2.70036; 40.3091
-2.50845; 40.5553
-2.57414; 40.2655
-2.80091; 40.3483
-2.56396; 40.4608
-2.87648; 40.3904
-2.36285; 40.8088
-2.88027; 40.6466
-2.338; 40.3344
-2.72532; 40.3941
-2.85763; 40.2046
-2.56734; 40.4106
-2.54722; 40.2319
-2.6084; 40.1267
-2.2597; 40.167
-2.72174; 40.2688
-2.34417; 40.365
-2.56061; 40.1168
-2.18732; 40.2935
-2.41333; 40.3329
-2.61863; 39.8864
-2.78987; 40.1487
-2.71815; 40.3634
-2.72172; 40.5756
-2.4165; 40.4576
-2.55389; 40.3059
-2.79353; 40.4054
-2.59123; 40.5849
-2.49195; 40.1486
-2.5439; 40.1076
-2.18157; 40.3942
-2.86513; 40.4538
-2.55054; 40.3561
-2.77526; 40.3074
-2.40384; 40.4399
-2.26863; 40.4542
-2.56396; 40.4172
-2.92886; 40.2095
-2.58093; 40.56
-2.71812; 40.6688
-2.25081; 40.4058
-2.39755; 40.3659
-2.73978; 40.5877
-2.72894; 40.2553
-2.96378; 40.4567
-2.19309; 40.368
-2.71456; 40.4574
-3.03963; 40.5426
-2.68981; 40.1549
-2.70745; 40.252
-2.40698; 40.5639
-2.64273; 40.6271
-2.70745; 40.3395
-2.63926; 40.5464
-2.78256; 40.0745
-2.41969; 40.4949
-2.4724; 40.2336
-2.46595; 40.1598
-2.63584; 39.8498
-2.65675; 40.3385
-2.49194; 40.1927
-2.62546; 40.3108
-2.40069; 40.4028
-2.71814; 40.4946
-2.86139; 40.1538
-2.48212; 40.4318
-2.54388; 40.3692
-2.37891; 40.1017
-1.77543; 39.792
-2.39757; 40.1039
-2.84644; 40.006
-2.63236; 40.122
-2.37584; 39.847
-2.3636; 39.7888
-2.20749; 39.7701
-2.30767; 39.702
-2.53399; 39.9098
-2.44053; 39.5609
-2.08455; 39.8382
-2.42799; 39.6787
-2.20184; 39.6979
-2.55202; 39.5977
-2.49187; 39.7428
-2.55856; 39.1017
-2.66211; 39.2026
-2.48874; 38.8738
-2.17129; 38.8686
-2.60172; 38.8245
-2.16583; 38.7542
-2.21564; 38.2971
-1.86321; 38.2847
-2.36728; 38.3988
-2.27288; 37.9906
-1.82893; 37.4148
-2.07285; 37.7229
-1.74368; 36.4192
-1.82227; 35.9134
-1.96716; 35.8396
-1.96716; 35.7471
-1.59266; 35.3565
-1.71863; 34.8829
-1.51433; 34.029
-1.58125; 33.3774
-1.72282; 32.713
-1.65197; 32.585
-1.50534; 31.8918
-1.42336; 31.5012
-1.27728; 30.799
-1.20867; 30.3218
-1.20304; 29.5519
-1.28789; 29.2839
-1.47545; 28.8697
-1.26692; 28.6279
-1.1167; 28.3706
-1.25234; 28.503
-1.30177; 28.0494
-1.36219; 27.968
-1.43679; 28.0277
-1.17296; 28.0269
-1.02632; 28.0054
-1.07127; 27.2875
-0.632296; 27.0172
-0.829285; 26.8173
-1.15202; 26.2781
-0.642229; 25.579
-0.949465; 24.8925
-0.62678; 24.2108
-0.881318; 23.8313
-1.0017; 23.2936
-0.816587; 23.0447
-1.10397; 22.6074
-1.04377; 22.2098
-0.12281; 21.8437
-0.370016; 20.8053
-0.491238; 19.7504
-0.244056; 18.9822
-0.424831; 18.6709
-0.302813; 18.1435
0.0604356; 17.3953
-0; 16.6605
-0.482459; 16.0324
-0.243026; 15.1315
-0; 14.0362
0.119737; 13.5704
0.178858; 12.951
-0; 12.4721
-0; 12.1028
0.293515; 11.6931
0.645051; 11.2303
0.527239; 10.031
0.176473; 9.38595
0.355131; 8.51903
0.41389; 7.81509
0.703694; 7.29042
0.758449; 6.56366
0.822649; 5.21509
0.587627; 4.39847
1.17876; 3.59026
1.10843; 2.33211
0.823497; 0.588171
1.11411; -0.410428
0.77422; -1.07184
0.834634; -2.3237
1.01556; -3.10323
1.01662; -3.99997
1.29793; -4.47426
1.17997; -4.88467
1.42763; -5.39655
1.2364; -6.04133
1.42615; -6.15558
0.761551; -6.30106
1.97893; -6.43223
2.27197; -7.2413
1.29792; -8.02891
1.31552; -8.95495
1.13737; -9.54783
1.31552; -9.82793
1.82481; -9.39079
1.94046; -9.49513
1.64663; -9.83948
2.04746; -9.90159
2.22734; -10.3179
2.07714; -10.731
1.66715; -10.9958
1.20984; -11.2842
1.43058; -11.0082
1.69843; -10.5939
1.82293; -10.806
1.99512; -10.8965
1.54332; -11.0775
1.54492; -11.3745
1.66715; -11.2251
2.00538; -11.4619
2.42278; -11.9914
2.1298; -12.232
1.85334; -13.2105
1.74844; -13.3756
1.6245; -13.4063
1.68818; -13.661
1.61602; -13.6218
2.03043; -14.2103
1.91307; -14.5059
2.34827; -14.9419
2.28812; -15.1671
2.09226; -15.2302
2.28811; -15.7821
2.06046; -16.1035
2.13228; -16.2963
2.42366; -16.6017
2.35072; -16.6307
2.06482; -17.0282
2.05827; -17.6394
2.34473; -17.8448
2.38328; -17.9053
2.23347; -18.1049
1.90292; -18.0379
1.89885; -18.0018
2.79256; -17.7381
2.19312; -17.7435
2.21429; -18.2929
2.27818; -18.5321
2.22383; -18.6441
2.29048; -18.5696
2.61901; -18.3439
2.45214; -18.5111
2.2468; -18.6219
2.77601; -19.1151
2.17855; -19.3326
2.05417; -19.2231
1.98121; -19.3483
2.54879; -19.253
2.20954; -19.192
2.87752; -18.8163
2.65853; -19.2653
2.52145; -19.1165
2.47329; -19.378
2.15283; -19.2857
2.55432; -19.6792
2.34471; -19.2311
2.46266; -19.4105
2.21191; -19.211
2.33716; -19.3382
2.47863; -19.5269
2.4921; -19.4035
2.35231; -19.2336
2.37063; -18.9112
2.56908; -19.3483
2.54052; -19.471
2.484; -19.7861
2.24072; -19.7739
2.16912; -19.7507
2.42197; -19.787
2.6052; -20.0388
2.55432; -19.8447
1.97481; -19.6196
2.33466; -19.3737
2.3523; -19.6738
2.60521; -19.5997
2.35739; -19.823
2.54052; -19.636
2.25876; -19.4229
2.61086; -19.694
2.41935; -19.8221
2.42987; -19.9015
2.47863; -19.5819
2.10265; -19.7669
2.28799; -19.5453
2.5571; -19.7542
2.4921; -19.8456
2.10948; -19.6612
2.04528; -19.807
2.66715; -19.6538
2.53777; -19.781
2.49481; -19.7551
2.27572; -19.3937
2.52144; -19.3904
2.61938; -19.8085
2.43517; -19.6651
2.3447; -19.6152
2.59119; -19.7758
1.99197; -19.6665
2.484; -19.8411
2.60521; -19.7646
2.4246; -19.8067
1.91521; -19.4752
2.55154; -19.8799
2.3523; -19.399
2.47596; -19.5623
2.61086; -19.8591
2.33216; -19.4637
2.16678; -19.731
2.48669; -19.8609
2.5571; -19.6436
2.41153; -19.4888
2.03867; -19.5288
2.41153; -19.7082
1.98765; -19.8473
2.42723; -20.0465
2.48669; -20.0805
2.07578; -19.5335
2.50265; -19.3111
2.29791; -19.7886
2.4921; -19.5142
2.0564; -19.6855
2.3523; -19.7835
2.22382; -19.691
2.47863; -19.6918
2.54051; -19.9103
2.35739; -19.6581
2.40117; -19.6847
2.5323; -19.7417
2.53503; -19.816
2.6024; -19.6351
2.17147; -19.7154
2.21665; -19.905
2.05193; -19.9214
2.48131; -19.6014
2.74393; -19.4194
2.10948; -19.5511
2.47328; -19.6526
2.11865; -19.9055
2.72026; -19.7586
2.54327; -19.6006
2.36249; -20.3012
2.24316; -19.7937
2.37021; -19.8671
2.53504; -19.542
2.53505; -19.1568
2.54052; -19.3608
2.3523; -19.399
1.48456; -19.3887
3.16242; -20.5749
2.43251; -19.9214
2.23829; -19.8642
6.30278; -20.845
1.41; -18.3239
3.38756; -18.9295
2.24205; -18.8027
2.8622; -20.9496
1.01278; -20.9199
2.81743; -21.7996
1.77395; -20.658
3.59155; -19.6182
3.23954; -17.7029
4.07281; -17.2691
3.55399; -17.9744
0.744013; -19.3769
0.765542; -21.181
1.27293; -21.4666
0.692502; -20.9812
2.66715; -19.7088
3.31936; -18.9391
2.99975; -18.8692
3.21391; -19.0359
3.10536; -19.318
3.09052; -19.7526
1.60647; -19.9163
1.62753; -20.4317
1.64368; -20.4512
1.12814; -20.0701
2.78959; -18.7595
3.26342; -17.9345
2.91685; -18.4127
3.19667; -19.4346
2.18327; -20.3096
1.76226; -20.9187
2.44313; -20.7172
2.12096; -19.9805
1.79366; -19.4409
2.20012; -18.9523
2.82544; -18.9833
2.42198; -19.4564
2.70567; -19.4971
2.6024; -19.5801
1.9855; -19.6626
2.59958; -20.2717
2.73203; -20.1116
2.1809; -19.9598
2.3029; -19.5524
1.58765; -19.1035
2.12097; -19.0751
2.63017; -19.293
2.2505; -19.6319
1.50899; -20.0171
1.93396; -19.762
2.23345; -19.7696
2.79403; -19.7266
3.12861; -19.6151
2.77004; -19.6794
2.41151; -20.3086
2.5405; -20.3472
3.00273; -19.9729
2.29543; -19.3834
2.39602; -19.3729
2.08913; -19.595
1.84551; -19.289
2.59959; -19.2854
2.10493; -19.2366
2.22383; -19.2518
2.04307; -19.4027
2.2505; -19.7981
2.12096; -19.6493
2.30289; -19.8832
2.41936; -19.6023
2.25636; -19.1865
2.63017; -19.184
2.65566; -19.6304
2.09586; -20.0351
2.34723; -19.7442
2.28552; -20.1814
2.54051; -19.965
2.35994; -19.8427
2.36251; -19.4768
2.23587; -19.6243
1.85547; -19.22
2.39346; -19.2991
2.60522; -19.4344
2.2505; -19.6873
1.74124; -19.5942
2.03429; -19.1606
2.63862; -19.022
2.40893; -19.2495
2.54602; -19.8402
2.11635; -20.0505
2.1809; -20.3989
2.36763; -20.5058
2.44314; -20.2776
2.93388; -19.8788
2.21666; -19.3589
2.508; -18.9672
2.72616; -18.4155
2.43392; -18.8746
2.15514; -19.1951
1.62576; -19.9707
1.81124; -20.2243
2.25541; -20.3352
2.42987; -19.6809
2.58563; -19.4088
2.45213; -19.3883
2.76115; -19.1845
2.68552; -18.9818
2.46796; -19.3943
2.11865; -20.0705
1.55985; -20.0414
2.10948; -19.826
2.49481; -19.5892
2.71441; -19.3908
2.73192; -18.9419
2.56089; -18.9102
2.33216; -19.4637
1.81917; -20.3607
2.06312; -20.0765
1.74692; -20.1497
2.11406; -19.7556
2.35739; -19.7131
2.95123; -19.2746
2.74354; -18.9076
2.619; -19.0541
2.56634; -19.3836
2.32966; -19.4989
2.12558; -20.351
2.49479; -20.5792
2.06537; -20.2621
2.05193; -19.8664
1.97907; -19.6038
2.33216; -19.4091
2.53231; -19.6322
2.23103; -19.475
2.23587; -19.514
1.86756; -19.9433
2.38578; -20.5397
2.20003; -20.3421
2.20728; -20.9556
2.43781; -20.4567
2.70566; -19.9873
3.08897; -19.1156
2.56089; -19.1281
1.9898; -19.757
1.99414; -19.4096
1.67909; -20.0351
2.25049; -20.0742
2.11866; -19.2973
1.86554; -19.2058
2.08914; -18.7179
2.25398; -17.9084
2.61624; -17.831
2.31484; -17.5763
2.30748; -17.3028
1.70791; -17.2112
2.0692; -17.1734
2.06701; -16.767
1.8928; -16.1063
1.93936; -15.4875
1.92714; -14.9458
1.9231; -14.5224
2.14975; -14.097
1.79734; -13.5777
1.55457; -13.7214
1.61434; -12.9285
1.91309; -12.8129
2.15201; -12.2986
1.7936; -12.1298
1.7843; -11.7841
1.25443; -11.5483
1.54172; -10.952
1.77327; -10.404
1.66543; -9.94954
1.59112; -8.94199
0.999917; -8.17828
1.35133; -7.59256
1.17996; -7.15982
1.35133; -6.72503
1.10956; -6.39669
1.22258; -5.6286
1.62168; -5.42723
1.40287; -5.65102
1.17152; -5.19863
0.762333; -4.09776
0.928724; -3.70955
1.21151; -3.34204
1.38592; -3.11494
1.45095; -2.72544
0.866301; -2.19347
1.09837; -1.67588
1.04479; -1.04462
1.04691; -0.756018
1.03848; -0.403825
0.291431; -0.0582859
0.578726; 0
0.754612; 0.522394
0.640475; 0.232894
0.931557; 0.174659
0.464864; 0.697254
0.518239; 1.66939
0.804501; 2.12514
1.25279; 2.78788
1.03018; 2.91617
0.519282; 2.82488
0.523499; 3.07982
0.404298; 3.17335
0.523499; 3.54359
0.861092; 3.84031
0.690276; 3.56175
0.691664; 3.74111
0.579896; 3.82158
0.639174; 4.23399
0.691664; 4.19999
0.403078; 4.53948
0.808554; 4.55281
0.522437; 4.92194
0.581071; 4.98453
0.464862; 5.27284
0.632122; 5.3288
0.518237; 5.4537
0.402269; 5.55679
0.635307; 5.81315
0.523498; 5.62396
0.750806; 5.35537
0.747791; 5.16287
0.234576; 5.55373
0.58107; 6.0208
0.519803; 6.04183
0.691661; 6.54209
-0; 6.47275
0.582843; 6.32707
0.351501; 6.30149
0.0586442; 6.308
0.408413; 6.33363
0.116218; 6.36569
0.691661; 6.54209
0.459732; 6.69295
0.346192; 6.49202
0.348296; 5.95752
0.173272; 5.92779
0.350784; 6.11539
0.75614; 5.73889
0.697982; 5.50854
0.404296; 5.7562
0.290543; 5.61845
0.700113; 5.92959
0.465806; 6.26329
0.746291; 6.00551
0.174858; 6.4425
-0.175752; 5.83815
0.350427; 5.76253
0.352222; 5.90803
0.596184; 6.58838
1.41233; 5.46268
0.290542; 6.30822
1.04691; 6.08369
-0.118624; 6.08617
0.466281; 5.69309
0.115283; 5.74482
0.637233; 6.17444
0.753844; 6.18049
0.878696; 5.89546
0.234816; 5.79191
0.116573; 5.98169
0.517197; 5.78432
0.522967; 5.79089
0.583437; 5.98744
0.467708; 5.99968
0.174681; 5.86042
0.406756; 5.61838
0.754608; 5.84225
0.695862; 5.83646
0.518758; 6.08676
0.173798; 5.831
0.466755; 5.64108
0.351861; 5.90203
0.637234; 5.71598
0.576974; 5.97867
0.404296; 5.87052
0.757678; 5.86586
0.466755; 5.8721
0.809368; 5.64706
0.406756; 5.61838
0.470106; 5.56491
-0; 5.65844
0.293519; 5.73377
0.75845; 5.92951
0.404704; 5.81919
0.465334; 6.02698
0.690274; 5.84683
0.643743; 5.42618
0.470589; 5.74534
0.461121; 5.57341
0.46205; 5.98476
0.460657; 6.13767
0.992789; 5.76177
0.700114; 5.64084
0.522437; 5.7276
0.345496; 6.08083
0.577556; 5.92752
0.873339; 5.97497
0.408829; 5.99365
0.234336; 5.83813
0.175573; 5.60045
0.232199; 5.72779
0.937266; 5.77942
0.233381; 5.9877
0.582843; 6.09667
0.290248; 5.90012
0.173974; 6.06633
1.26663; 5.90864
0.693756; 6.04769
0.346891; 5.99084
0.462984; 5.7677
0.525632; 5.64674
0.644401; 5.48975
0.410924; 5.79181
0.0585843; 5.9541
0.346192; 5.75048
0.346541; 5.98484
0.978822; 6.02312
-0; 6.01206
0.751563; 5.87605
0.46112; 6.02982
1.31756; 5.70909
0.29262; 6.46855
0.697982; 5.50854
-0.0594969; 5.634
-0; 5.39591
0.811005; 5.42886
0.234816; 5.79191
1.3202; 5.83408
0.687512; 6.05033
0.22964; 6.233
-0; 6.62849
1.5466; 5.1409
0.290543; 5.44575
-0.0583457; 5.58347
0.687513; 5.31284
0.410083; 5.72205
-0; 5.79785
0.975881; 5.94837
0.853395; 5.83949
0.859368; 5.70995
0.812648; 5.09446
0.645722; 4.86049
0.0590676; 4.42129
0.23362; 4.02332
0.921258; 3.96641
1.09506; 3.91282
0.235783; 3.94313
1.04373; 3.59018
1.16085; 3.70927
0.923113; 4.03179
0.982776; 3.80968
0.0596829; 4.52647
0.288495; 4.89248
1.29938; 4.90265
0.521909; 4.80184
0.0579915; 4.57161
1.7322; 3.86215
1.66111; 3.31804
0.983769; 2.31338
0.883214; 2.76515
-0; 3.7983
0.174327; 5.15773
0.69516; 5.08434
2.48464; 5.57108
-0; 4.37605
1.34035; 1.80579
1.29927; 1.29894
0.057816; 2.65763
0.504051; 7.18677
1.02301; 10.5082
2.23652; 2.64596
3.02195; 0.116175
1.99925; 1.46941
-2.01997; 1.84072
-1.16202; 3.82872
0.344113; 5.14779
-0.231262; 5.18917
0.980795; 4.71997
1.42214; 3.69208
0.854246; 3.35607
1.60386; 3.77457
1.45389; 3.02098
0.437841; 3.06194
0.404706; 2.59987
0.752324; 3.92896
0.634669; 3.74491
0.231263; 3.63749
0.862821; 3.447
0.582253; 3.72112
0.465335; 3.54362
1.10506; 3.77477
0.579896; 3.7061
0.87157; 3.82906
1.09396; 3.56493
0.865428; 3.57234
1.10394; 3.59737
0.818454; 3.79429
0.876012; 3.38318
0.750052; 3.51496
0.632758; 3.67638
0.695865; 3.64827
0.811827; 3.76366
0.987758; 3.9446
0.811827; 3.87911
0.755376; 3.6556
0.695865; 3.47498
0.524564; 3.78297
0.753847; 3.5327
0.697984; 3.42758
0.919411; 2.92795
0.575817; 3.33591
0.986758; 3.82507
0.755376; 3.82917
0.52191; 3.70614
1.03328; 3.49713
0.927784; 3.35922
1.03953; 3.51822
0.695865; 3.18602
0.757681; 3.55062
0.753847; 3.82144
0.926846; 3.75975
0.989765; 3.83669
0.634669; 3.68745
0.522968; 3.42422
0.986758; 3.65168
0.873342; 3.54692
0.641125; 3.3765
0.697984; 3.83309
0.921258; 3.39303
0.976862; 3.72961
1.15267; 3.45361
0.930609; 3.31146
0.578724; 3.87149
0.865427; 3.91702
0.982776; 3.57941
0.638527; 3.305
1.04585; 3.53957
1.09726; 3.92068
0.977843; 3.73335
0.867174; 3.63711
0.933452; 3.55407
0.759225; 3.44148
0.924975; 3.86729
0.916652; 3.66147
1.04479; 3.3625
0.76; 3.61969
0.643087; 3.91083
0.926846; 3.52898
1.09176; 3.38606
0.974907; 3.43656
0.929665; 3.94467
0.868927; 3.99046
1.09395; 4.08078
0.750052; 3.39999
0.70083; 3.32513
0.992792; 3.49945
0.639174; 4.1184
0.808555; 3.40336
0.981786; 3.17297
0.983769; 3.29473
1.33222; 4.1051
0.752324; 3.92896
0.757681; 3.72476
0.691665; 3.39662
1.1017; 3.12786
1.10394; 3.5395
0.756142; 3.94884
0.818454; 3.44493
0.752324; 3.75613
0.924976; 3.34908
1.15733; 3.64044
0.987758; 3.53963
0.926846; 3.99039
0.524564; 3.84099
0.869806; 4.16755
1.15733; 3.58281
1.04162; 3.29467
1.21518; 3.35214
0.810188; 3.81369
1.10618; 3.54667
0.986758; 3.30471
0.988761; 3.25344
0.982776; 3.29141
0.80937; 3.80986
0.927784; 3.879
1.09948; 3.46759
0.983768; 3.41006
0.692361; 3.74486
0.8045; 3.787
1.04479; 3.2468
1.05118; 3.26661
0.988761; 3.48527
0.923113; 3.6872
0.924043; 3.57587
0.753085; 3.58685
1.22633; 3.78995
1.04373; 3.64793
0.91941; 3.55799
1.15383; 3.85925
0.921258; 3.50776
1.04373; 3.59018
0.987759; 3.48175
0.982776; 3.57941
1.15733; 3.52517
0.97981; 3.68344
1.10282; 3.65155
0.924976; 3.63705
0.80937; 3.63716
1.10506; 3.71686
0.815956; 3.49251
0.753085; 3.70223
0.927784; 3.64806
0.872455; 3.54333
0.922185; 3.5687
1.09948; 3.64052
1.09726; 3.92068
1.10618; 3.77859
0.927784; 3.53255
0.805308; 3.27508
0.873342; 3.3729
1.10282; 3.59374
1.03743; 3.56857
1.1585; 3.41331
0.867174; 3.69468
0.697276; 3.9449
1.44073; 3.62543
0.983768; 3.69828
0.580483; 3.47857
0.637881; 3.64831
1.33762; 3.89023
1.16202; 3.48155
0.813474; 3.36612
0.868927; 3.75981
0.921258; 3.73715
1.21764; 3.70545
1.15967; 3.59004
1.21395; 3.80938
0.750807; 3.80608
0.980797; 3.57222
1.33492; 3.4778
0.930609; 3.83287
0.986758; 3.59387
1.15733; 3.69807
0.986758; 3.59387
1.04057; 3.34896
0.930609; 3.71706
1.15616; 3.69435
0.91757; 3.43662
0.981785; 3.4032
1.15967; 3.64779
0.8143; 3.19562
1.09616; 3.68701
0.982776; 3.80968
0.868927; 3.52904
0.992792; 3.55762
0.755376; 3.82917
0.92591; 3.81358
0.748544; 3.50792
1.21518; 3.46745
1.1017; 3.47459
1.16795; 3.55742
1.15267; 3.68324
0.872456; 3.42744
0.928724; 3.53611
1.04373; 3.53242
1.22135; 3.65879
1.15616; 3.63678
0.865427; 3.80215
0.811827; 3.70592
0.980797; 3.39979
0.983768; 3.64065
0.926846; 3.75975
0.751565; 3.46444
0.868927; 3.52904
1.04904; 3.60839
1.16557; 3.43408
0.924976; 3.75219
0.75768; 4.01484
1.04057; 3.63692
1.04585; 3.48169
1.04797; 3.3147
0.930609; 3.65914
1.10059; 3.75955
0.865428; 3.6298
1.33222; 3.75923
1.21518; 3.69799
0.923113; 3.45733
0.754611; 3.53627
0.80937; 3.7523
0.929665; 3.77115
1.10394; 3.59737
0.932503; 3.2601
0.864557; 3.79834
0.987758; 3.53963
1.10282; 3.59374
0.87423; 3.43439
0.753847; 3.64822
1.155; 3.57561
0.931555; 3.48886
0.992792; 3.44126
0.926846; 3.81742
0.694459; 3.87141
0.986758; 3.65168
0.811007; 3.70218
0.989766; 3.6048
0.816787; 3.49606
1.26663; 3.79404
0.977843; 3.84788
0.86805; 3.41017
1.22011; 3.65509
0.86805; 3.64077
1.04691; 3.54315
0.808555; 3.34581
0.871571; 3.42397
1.10506; 3.71686
0.983768; 3.64065
1.15152; 3.56486
0.80937; 3.69473
0.986758; 3.47823
1.21518; 3.64037
0.92591; 3.64071
1.04691; 3.31135
0.811007; 3.52909
0.989766; 3.37279
1.27819; 3.82855
1.22011; 3.94429
1.04479; 3.3625
0.750807; 3.74858
1.04904; 3.60839
0.928724; 3.47829
1.10506; 3.60102
1.22011; 3.71295
0.753847; 3.47493
0.867174; 3.46434
1.27046; 3.63297
0.986758; 3.82507
0.97981; 3.62604
0.872455; 3.48539
1.09948; 3.58288
0.872455; 3.71712
1.22135; 3.60087
0.926846; 3.35583
1.15267; 3.68324
0.983768; 3.46772
0.992792; 3.61579
1.10282; 3.4781
0.922185; 3.51128
1.10282; 3.42027
0.929665; 3.77115
1.04268; 3.58656
1.15384; 3.74438
0.750051; 3.74482
1.15384; 3.74438
0.867174; 3.63711
1.05118; 3.61572
1.16202; 3.53943
0.752324; 3.64087
0.985759; 3.59025
0.80937; 3.40679
1.04904; 3.55034
1.16085; 3.65148
0.985759; 3.70574
1.04691; 3.77484
1.04162; 3.87105
1.10282; 3.65155
0.927784; 3.417
0.984763; 3.52892
1.10282; 3.76714
0.870688; 3.36267
1.2769; 3.5357
1.10282; 3.59374
0.983769; 3.29473
0.924976; 3.52188
1.1632; 3.65887
1.09948; 3.52524
1.03535; 3.56143
0.920333; 3.44694
0.929666; 3.42392
0.982776; 3.69456
1.10282; 3.59374
1.04162; 3.46766
1.04268; 3.64426
0.750807; 3.74858
1.21518; 3.69799
1.1632; 3.77469
0.92591; 3.29478
1.03848; 3.39973
0.988761; 3.71699
1.15733; 3.64044
1.15267; 3.45361
1.04162; 3.64059
1.04057; 3.52176
0.753847; 3.70597
1.2769; 3.47788
0.986758; 3.70949
1.22011; 3.42359
0.921258; 3.62247
0.805308; 3.56166
1.33492; 3.4778
0.988761; 3.71699
1.33087; 3.29432
0.91757; 3.37948
1.15967; 3.59004
1.16557; 3.66629
0.988761; 3.48527
1.04691; 3.42726
0.86805; 3.6984
0.982776; 3.46423
1.38871; 3.87056
0.869807; 3.30149
1.22135; 3.25318
0.751565; 3.52204
1.04691; 3.60108
1.22011; 3.48148
1.10282; 3.59374
0.984763; 3.47122
0.638527; 3.53636
1.10618; 3.54667
1.03639; 3.85166
1.10731; 3.49222
1.20908; 3.50744
0.980797; 3.2848
1.21395; 3.69427
0.924043; 3.63339
1.1017; 3.47459
0.863689; 3.39308
0.815127; 3.43096
1.21641; 3.70172
1.03848; 3.62962
1.22758; 3.7356
0.981785; 3.57581
0.696569; 3.65195
1.03848; 3.45721
1.09948; 3.35227
1.21641; 3.7594
0.869807; 3.30149
0.869807; 3.47483
0.980797; 3.62968
1.1632; 3.54301
1.10731; 3.43415
0.865428; 3.3999
1.10394; 3.59737
0.869807; 3.59036
0.988761; 3.54321
1.15733; 3.64044
0.811828; 3.47488
1.09837; 3.3489
1.09176; 3.38606
1.27949; 3.71662
1.21887; 3.30446
0.813474; 3.5398
0.86805; 3.35251
0.635309; 3.69116
1.21887; 3.53578
1.04057; 3.75206
0.982776; 3.52182
0.977843; 3.61878
0.923113; 3.6872
1.21887; 3.99807
1.2769; 3.70912
0.98576; 3.35917
0.984763; 3.64432
0.583439; 3.78677
1.33763; 3.54278
0.865428; 3.6298
1.03953; 3.46069
1.09616; 3.51462
